W 35 5
0 0 1 1 0
0 0 0 0 0
0 0 1 1 1
0 0 0 0 0
0 0 0 0 1
1 0 0 0 0
0 0 0 0 1
0 1 0 0 0
0 1 0 0 0
0 0 0 1 0
0 1 0 0 1
0 0 0 1 0
0 1 0 0 1
0 1 0 0 0
0 1 0 0 0
0 1 0 0 1
0 0 0 0 0
0 0 0 0 1
0 0 1 0 0
0 0 0 0 0
0 0 0 1 0
0 0 0 0 1
0 0 0 0 0
0 1 0 0 0
1 0 0 0 0
0 0 1 0 0
0 0 0 0 0
0 0 1 0 0
1 0 0 0 0
0 0 1 0 0
0 0 0 1 0
0 0 0 1 0
1 0 0 0 0
0 0 0 0 1
0 0 0 0 0
H 5 20
1 1 0 0 0 0 0 0 1 0 0 0 0 1 0 0 1 0 0 0
0 0 0 0 0 0 0 1 0 0 0 0 0 1 0 0 0 0 0 0
1 0 1 0 1 1 1 0 0 0 0 0 0 0 0 0 0 0 0 1
1 0 0 0 0 0 0 0 0 0 0 1 1 0 0 0 0 0 0 0
0 0 0 0 0 1 0 0 0 0 0 0 0 0 0 1 0 1 0 0
