W 50 5
1 1 1 1 0
0 1 0 0 0
0 0 1 0 0
0 1 0 0 0
1 1 0 1 0
1 1 1 0 0
0 1 1 0 1
0 0 0 0 0
1 0 1 0 0
0 1 1 1 1
0 0 0 0 0
0 1 0 0 0
0 0 1 0 1
1 0 1 0 1
0 0 1 0 1
1 0 1 1 0
1 1 1 0 0
1 1 0 1 0
0 0 1 1 0
0 0 1 1 0
1 0 0 1 0
1 0 1 1 0
1 1 0 1 0
1 1 0 0 0
0 0 1 0 0
1 0 0 0 0
0 1 1 0 1
0 0 1 0 0
0 0 0 1 0
1 1 1 0 0
0 0 0 0 0
1 0 1 0 1
1 1 1 0 0
1 1 1 0 1
0 0 1 0 0
0 1 1 0 0
1 0 0 0 0
0 0 1 0 0
1 0 0 1 1
0 1 1 0 1
0 0 0 1 1
1 1 0 0 0
1 0 0 1 0
0 1 0 0 0
0 0 0 0 1
0 1 0 1 1
1 1 1 0 0
0 0 1 0 0
0 1 0 0 0
1 0 0 1 0
H 5 20
0 1 1 1 0 0 0 0 0 0 0 0 0 0 0 0 0 1 0 0
1 0 0 1 0 0 1 0 0 1 0 1 0 0 1 0 0 1 0 0
0 0 0 0 0 0 1 0 1 1 1 0 1 0 0 0 0 0 0 1
0 0 0 1 0 1 1 1 0 0 0 1 1 0 0 0 1 0 0 0
0 0 0 1 1 0 1 1 0 1 0 0 0 0 0 1 0 1 1 0
