W 226 5
1 1 0 0 1
1 1 0 0 1
1 0 1 0 1
1 1 0 0 1
1 1 0 0 1
1 1 0 0 1
1 1 0 0 1
1 1 0 0 1
0 0 1 0 1
0 0 1 0 1
0 0 0 1 0
0 0 0 1 0
0 0 1 0 0
0 0 1 0 0
1 0 1 0 1
1 0 1 0 1
0 0 1 1 0
0 1 0 1 0
1 1 0 0 1
1 1 0 0 1
1 1 0 0 0
1 0 0 1 0
0 0 1 1 0
0 0 0 1 0
1 1 0 0 0
1 0 1 0 0
0 1 0 0 1
0 0 1 0 1
1 1 0 1 0
1 1 0 1 0
1 1 0 0 1
1 1 0 0 1
0 1 0 0 1
0 1 0 0 1
0 0 0 0 1
1 1 0 0 0
1 1 0 0 0
1 1 0 0 1
0 0 0 0 1
0 0 1 0 0
1 1 0 0 1
1 1 0 0 0
0 1 0 0 1
0 1 0 0 1
0 0 1 0 1
0 0 1 0 1
1 1 0 0 1
1 1 0 0 1
0 0 1 0 1
0 0 1 0 1
0 0 0 0 1
0 0 1 0 1
0 0 1 0 1
0 1 0 0 1
0 1 0 0 0
0 1 1 0 0
0 1 1 0 1
0 0 1 0 1
0 0 1 0 1
0 0 1 0 1
0 0 0 1 0
0 1 1 1 0
1 1 0 1 0
0 0 1 1 0
0 0 0 1 0
1 0 1 0 1
1 0 1 0 1
0 0 1 0 0
1 1 0 0 1
0 1 1 0 0
0 1 0 0 0
0 0 0 1 0
0 0 0 1 0
0 1 0 1 0
0 0 1 1 0
1 0 0 0 1
1 0 0 0 1
1 0 1 0 1
0 0 1 1 0
0 0 0 1 0
0 0 1 0 0
0 0 1 0 0
0 1 0 0 1
1 1 0 0 1
1 1 0 0 0
0 0 1 0 1
0 0 1 0 0
1 1 0 0 1
1 1 0 0 1
0 0 1 0 1
0 0 1 0 0
0 1 0 0 0
0 0 1 0 0
1 1 0 1 0
1 1 0 1 0
0 1 0 0 0
0 1 0 0 0
0 0 1 0 0
1 0 1 0 1
1 0 1 0 0
1 1 0 1 0
0 0 1 1 0
0 1 0 1 0
0 0 1 0 1
0 0 1 0 1
0 0 1 1 0
0 0 0 1 0
0 1 0 1 0
0 0 0 1 0
1 1 0 0 1
0 1 0 0 1
0 1 0 0 1
0 0 0 1 0
0 0 0 1 0
0 1 0 0 1
0 0 1 0 1
0 0 1 0 1
0 1 0 0 1
0 0 1 0 1
0 0 1 0 1
1 0 0 0 1
0 1 0 0 1
1 0 0 0 1
1 0 0 0 1
0 1 0 0 1
1 0 1 0 1
0 0 0 1 0
0 0 0 1 0
0 1 0 1 0
1 0 0 1 0
1 0 1 1 0
0 0 1 0 1
0 1 0 0 1
0 0 1 0 0
0 1 0 0 1
0 0 0 1 0
0 0 1 0 1
0 0 0 1 0
0 0 1 1 0
0 1 0 1 0
1 0 1 1 0
1 0 0 1 0
0 0 0 1 0
0 0 1 1 0
1 0 0 1 0
0 0 1 0 1
0 0 0 0 1
1 1 0 0 1
1 1 0 0 0
0 1 0 0 1
0 0 1 0 1
0 1 0 0 1
1 1 0 0 1
1 1 0 0 1
1 1 0 1 0
1 1 0 0 1
0 0 0 1 0
1 0 1 0 1
0 1 0 0 1
0 0 0 1 0
0 0 0 1 0
1 1 0 0 1
0 0 1 0 1
0 1 0 0 1
1 0 0 0 1
1 1 0 0 0
0 0 1 0 1
1 1 0 0 1
1 1 0 0 1
0 0 1 0 1
1 1 0 0 1
0 0 1 0 1
0 0 1 0 1
0 1 0 0 1
0 1 0 0 1
0 0 1 0 1
1 0 1 0 1
0 0 1 0 1
0 0 1 0 1
1 1 0 0 1
0 1 0 0 1
1 0 1 0 1
0 0 1 0 1
1 1 0 0 1
1 1 0 0 1
1 1 0 0 1
1 1 0 0 1
1 1 0 0 0
1 1 0 0 0
1 1 0 0 1
1 1 0 0 1
0 1 0 1 0
0 0 0 1 0
0 0 1 0 1
0 0 1 0 1
1 1 0 0 1
1 1 0 0 1
0 0 1 0 1
0 1 0 0 1
0 0 1 0 1
0 0 1 0 1
0 0 1 0 1
0 0 1 1 0
1 1 0 0 1
1 0 1 0 1
0 0 1 0 1
0 0 1 0 1
0 1 1 0 0
0 1 0 0 1
1 1 0 0 1
1 1 0 0 1
0 1 0 1 0
0 1 0 0 1
0 1 0 0 1
0 0 0 1 0
0 0 0 1 0
1 0 1 0 0
1 1 0 0 1
1 0 1 0 1
1 1 0 0 1
1 1 0 0 1
1 1 0 0 0
1 1 0 0 0
0 0 1 0 1
1 1 0 0 1
1 0 1 0 1
H 5 92
1 0 0 0 0 0 0 0 0 0 0 0 0 0 0 0 0 0 0 0 0 0 0 0 0 0 0 0 0 0 0 0 0 0 0 0 0 0 0 0 0 0 0 0 0 0 0 0 0 0 0 0 0 0 0 0 1 0 0 0 0 0 0 0 0 0 0 0 0 0 0 0 0 0 0 0 0 0 0 0 0 0 0 0 0 0 0 0 0 0 0 0
0 0 0 0 0 0 0 0 0 0 0 0 0 0 0 0 0 0 0 0 0 0 0 0 0 0 0 0 0 0 0 0 0 0 0 0 0 0 0 0 0 0 0 0 0 0 0 0 0 0 0 0 0 0 0 0 1 0 0 0 1 0 0 0 0 0 0 0 0 0 0 1 0 0 0 0 0 0 0 0 0 0 0 0 0 0 0 1 0 0 0 0
0 0 0 0 0 0 0 0 0 0 0 0 0 0 0 0 0 0 0 0 0 0 0 0 0 0 0 0 0 0 0 0 0 0 0 0 0 0 0 0 0 0 0 0 0 0 0 0 0 0 0 0 0 0 0 0 1 0 0 0 0 0 0 1 0 0 0 0 1 0 0 0 0 1 0 0 0 0 0 0 0 0 1 0 0 0 0 1 0 0 0 0
0 0 0 0 0 0 0 0 0 0 0 0 0 0 0 0 0 0 0 0 0 0 0 0 0 0 0 0 0 0 0 0 0 0 0 0 0 0 0 0 0 0 0 0 0 0 0 0 0 0 0 0 0 0 0 0 1 0 0 0 0 0 0 0 0 0 0 1 0 0 1 0 0 0 1 0 0 0 1 0 0 1 0 0 0 0 0 0 0 0 0 0
0 0 0 0 0 0 0 0 0 0 0 0 0 0 0 0 0 0 0 0 0 0 0 0 0 0 0 0 0 0 0 0 0 0 0 0 0 0 0 0 0 0 0 0 0 0 0 0 0 0 0 0 0 0 0 0 1 0 0 0 0 0 0 0 0 1 0 0 1 0 0 0 0 0 0 1 1 0 0 1 0 0 0 0 0 0 0 1 0 0 0 0
