W 226 3
0 1 0
0 1 0
1 1 0
0 1 0
1 1 0
0 1 0
0 1 0
0 1 0
1 0 0
1 0 0
0 0 1
0 0 1
1 0 0
0 0 0
1 1 0
1 1 0
1 0 1
0 0 1
0 1 0
0 1 0
0 0 1
0 0 1
1 0 1
0 0 1
0 1 0
0 0 0
1 0 0
1 0 0
0 0 1
0 0 1
0 1 0
0 1 0
0 1 0
0 1 0
0 0 1
0 1 0
0 1 0
0 1 0
0 1 0
1 0 0
0 1 0
0 1 0
0 1 0
0 1 0
1 0 0
1 0 0
0 1 0
0 1 0
1 0 0
1 0 0
0 0 0
1 0 0
1 0 0
1 1 0
0 0 1
0 0 1
1 1 0
1 0 0
1 0 0
1 0 0
0 0 1
0 0 1
0 0 1
1 0 1
0 0 1
1 1 0
1 1 0
1 0 0
1 1 0
0 0 0
0 0 0
0 0 1
0 0 1
0 0 1
1 0 1
0 1 0
0 1 0
1 0 0
1 0 1
0 0 1
0 0 0
1 0 0
0 1 0
0 1 0
0 1 0
1 0 0
1 0 0
0 1 0
0 1 0
1 0 0
1 0 0
0 0 1
1 0 0
0 1 1
0 0 1
0 1 0
0 1 0
1 0 0
1 0 0
1 0 0
0 0 1
1 0 1
0 0 1
1 0 0
1 0 0
1 0 1
0 0 1
0 0 1
0 0 1
1 1 0
0 1 0
0 1 0
0 0 1
0 0 1
0 1 0
1 0 0
1 0 0
1 0 0
1 0 0
1 0 0
0 1 0
1 0 0
0 1 0
0 1 0
1 1 0
1 0 0
0 0 1
0 0 1
0 0 1
0 0 1
1 0 1
1 0 0
0 1 0
1 0 0
0 1 0
0 0 1
1 0 0
0 0 1
1 0 1
0 0 1
0 0 1
0 0 1
0 0 1
0 0 1
0 0 1
1 0 0
0 0 1
0 1 0
0 1 0
0 1 0
1 0 0
1 1 0
0 1 0
0 1 0
0 0 1
1 1 0
0 0 1
1 0 0
0 1 0
0 0 1
0 0 1
0 1 0
1 0 0
0 1 0
0 1 0
0 1 0
1 0 0
0 1 0
0 1 0
1 0 0
1 1 0
1 0 0
1 0 0
0 1 0
0 1 0
1 0 0
1 0 0
1 0 0
1 0 0
0 1 0
1 1 0
1 0 0
1 0 0
0 1 0
0 1 0
0 1 0
0 1 0
0 1 0
0 1 0
0 1 0
0 1 0
0 0 1
0 0 1
1 0 0
1 0 0
0 1 0
0 1 0
1 0 0
0 1 0
1 0 0
1 0 0
1 0 0
0 0 1
0 1 0
1 1 0
1 0 0
1 0 0
1 0 0
0 1 0
0 1 0
0 1 0
0 0 1
0 1 0
0 1 0
0 0 1
0 0 1
1 0 0
0 1 0
1 1 0
0 1 0
0 1 0
0 1 0
0 1 1
1 0 0
0 1 0
1 0 0
H 3 92
0 0 0 0 0 0 0 0 0 0 0 0 0 0 0 0 0 0 0 0 0 0 0 0 0 0 0 0 0 0 0 0 0 0 0 0 0 0 0 0 0 0 0 0 0 0 0 0 0 0 0 0 0 0 0 0 1 0 0 0 0 0 0 1 0 1 0 0 1 0 0 0 0 1 0 1 1 0 0 1 0 0 1 0 0 0 0 1 0 0 0 0
1 0 0 0 0 0 0 0 0 0 0 0 0 0 0 0 0 0 0 0 0 0 0 0 0 0 0 0 0 0 0 0 0 0 0 0 0 0 0 0 0 0 0 0 0 0 0 0 0 0 0 0 0 0 0 0 1 0 0 0 1 0 0 0 0 1 0 0 1 0 0 1 0 0 0 0 1 0 0 1 0 0 0 0 0 0 0 1 0 0 0 0
0 0 0 0 0 0 0 0 0 0 0 0 0 0 0 0 0 0 0 0 0 0 0 0 0 0 0 0 0 0 0 0 0 0 0 0 0 0 0 0 0 0 0 0 0 0 0 0 0 0 0 0 0 0 0 0 1 0 0 0 0 0 0 0 0 0 0 1 0 0 1 1 0 0 1 0 0 0 1 0 0 1 0 0 0 0 0 0 0 0 0 0
