W 226 10
0 0 0 1 1 1 0 0 0 1
0 0 0 1 1 1 0 0 0 1
0 1 1 1 1 0 0 0 0 1
0 0 1 1 1 1 0 1 0 1
0 0 0 1 1 1 0 1 0 1
0 0 0 1 1 1 0 0 0 1
0 0 0 1 1 1 0 0 0 1
0 0 0 1 1 1 0 0 0 1
0 1 1 1 0 0 0 1 0 1
0 1 1 1 0 0 0 0 0 1
1 0 1 0 0 0 0 0 1 0
1 0 1 0 0 0 0 0 1 0
0 1 1 0 0 0 0 1 0 0
0 1 1 0 0 0 0 0 0 0
0 1 0 1 1 0 0 0 0 1
0 1 0 1 1 0 0 0 0 1
0 1 0 0 0 0 0 1 1 1
1 0 0 0 0 1 0 1 0 0
0 0 0 1 1 1 0 1 0 1
0 0 0 1 1 1 0 0 0 1
0 0 0 0 1 1 0 0 1 0
1 0 0 0 1 0 0 0 0 0
0 1 0 0 0 0 0 1 1 1
1 0 0 0 0 0 0 1 0 0
0 0 1 0 1 1 0 0 0 0
0 1 1 0 1 0 0 0 0 1
0 0 0 1 0 1 1 1 0 1
0 0 0 1 0 0 1 1 0 1
1 0 0 0 1 1 1 1 1 0
1 0 0 0 1 1 0 1 1 0
0 0 0 1 1 1 1 0 0 1
0 0 0 1 1 1 1 0 0 1
0 0 0 1 0 1 1 0 0 1
0 0 0 1 0 1 1 0 0 1
0 0 0 1 0 0 1 1 0 1
0 0 0 0 1 1 1 0 0 0
0 0 0 1 1 1 1 0 0 0
0 0 0 1 1 1 1 0 0 1
0 0 0 1 0 0 1 0 0 1
0 1 0 0 0 0 0 1 0 1
0 0 0 1 1 1 1 0 0 1
0 0 0 1 1 1 1 0 0 0
0 0 1 1 0 1 1 0 0 1
0 0 1 1 0 1 1 1 0 0
0 1 0 1 0 0 0 1 0 1
0 1 0 1 0 0 0 1 0 0
0 0 1 1 1 1 1 0 0 1
0 0 1 1 1 1 1 1 0 1
0 1 1 1 0 0 1 0 0 1
0 1 0 1 0 0 0 1 0 1
0 0 0 1 0 0 1 0 0 0
0 1 0 1 0 0 1 0 0 1
0 1 0 1 0 0 1 0 0 0
0 0 1 1 0 1 1 1 0 1
0 0 0 0 0 1 1 0 0 0
0 0 0 0 0 1 1 1 1 1
0 0 1 1 0 1 0 1 0 1
0 1 0 1 0 0 0 1 0 1
0 1 0 1 0 0 0 0 0 0
0 1 0 1 0 0 0 0 0 0
1 0 0 0 0 0 1 0 0 0
0 0 0 0 0 1 1 1 1 1
0 0 1 0 1 1 1 0 1 0
0 1 0 0 0 0 0 1 1 0
1 0 0 0 0 0 0 0 0 0
0 1 0 1 1 0 0 0 0 1
0 1 0 1 1 0 0 0 0 1
0 1 0 0 0 0 0 1 1 0
0 0 0 1 1 1 0 1 0 1
0 0 0 0 0 1 0 1 0 1
0 0 0 0 0 1 0 1 0 0
0 0 0 0 0 0 1 0 0 1
1 0 0 0 0 0 0 1 1 0
0 0 0 0 0 1 1 1 1 0
0 1 0 0 0 0 0 1 1 0
0 0 0 1 1 0 0 0 0 0
0 0 0 1 1 0 0 0 0 0
0 1 0 1 1 0 0 0 0 1
0 1 0 0 0 0 0 1 1 0
1 0 0 0 0 0 0 0 0 0
0 1 0 0 0 0 0 1 0 0
0 1 0 0 0 0 0 1 0 0
0 0 0 1 0 1 0 0 0 1
0 0 0 1 1 1 0 0 0 1
0 0 0 1 1 1 0 0 0 0
0 1 1 1 0 0 0 0 0 0
0 1 1 0 0 0 0 1 0 1
0 0 1 1 1 1 0 0 0 1
0 0 1 1 1 1 0 0 0 1
0 1 0 1 0 0 0 1 0 0
0 1 0 0 0 0 0 1 0 1
0 0 0 0 0 1 0 0 1 1
0 1 0 0 0 0 0 1 0 1
0 0 1 0 1 1 0 0 1 1
0 0 1 0 1 1 0 0 1 0
0 0 0 0 0 1 0 0 0 0
0 0 0 0 0 1 0 0 0 1
0 1 0 0 0 0 0 1 1 1
0 1 0 1 1 0 0 1 0 0
0 1 0 0 1 0 0 0 0 1
0 0 1 0 1 1 0 0 1 0
0 1 0 0 0 0 0 1 1 1
0 0 0 0 0 1 0 1 1 0
0 1 1 1 0 0 0 0 0 1
0 1 1 1 0 0 0 0 0 0
0 1 0 0 0 0 0 1 1 1
1 0 0 0 0 0 1 0 1 0
1 0 0 0 0 1 0 1 1 0
1 0 0 0 0 0 0 0 1 0
0 0 0 1 1 1 0 1 0 1
0 0 1 0 0 1 1 0 0 1
0 0 1 0 0 1 1 0 0 1
1 0 0 0 0 0 0 1 0 0
0 1 0 0 0 0 0 1 1 0
0 0 0 0 0 1 0 0 0 1
0 1 0 1 0 0 0 0 0 0
0 1 0 1 0 0 0 1 0 1
0 0 0 1 0 1 0 1 0 1
0 1 0 1 0 0 0 1 0 1
0 1 1 1 0 0 0 1 0 1
0 0 0 1 1 0 0 0 0 1
0 0 0 1 0 1 0 1 0 1
0 0 0 1 1 0 0 0 0 1
0 0 1 1 1 0 0 0 0 1
0 0 1 1 0 1 0 1 0 1
0 1 0 1 1 0 0 1 0 1
1 0 1 0 0 0 0 0 1 0
1 0 0 0 0 0 1 0 0 0
0 1 0 0 0 0 0 0 1 0
1 0 1 0 1 0 0 0 1 0
0 1 1 0 1 0 0 0 1 0
0 1 1 1 0 0 0 1 0 1
0 0 1 1 0 1 0 0 0 0
0 1 0 0 0 0 0 0 0 1
0 0 0 1 0 1 0 0 0 0
0 0 1 0 0 0 0 0 1 0
0 1 0 1 0 0 0 1 0 1
1 0 0 0 0 0 0 1 0 0
0 1 0 0 0 0 0 0 1 1
0 0 0 0 0 1 0 0 1 0
0 1 0 0 1 0 0 1 1 0
0 1 0 0 1 0 0 0 1 0
0 0 0 0 0 0 0 1 1 0
0 1 0 0 0 0 0 0 1 0
1 0 0 0 1 0 0 0 0 0
0 1 0 1 0 0 0 1 0 1
0 0 0 1 0 0 1 1 0 1
0 0 0 1 1 1 1 0 0 1
0 0 0 1 1 1 1 0 0 0
0 0 0 1 0 1 1 1 0 1
0 1 0 1 0 0 1 0 0 1
0 0 1 1 0 1 1 1 0 1
0 0 0 1 1 1 1 0 0 1
0 0 0 1 1 1 1 0 0 1
0 0 1 0 1 1 1 0 1 0
0 0 0 1 1 1 0 1 0 1
1 0 0 0 0 0 0 1 1 0
0 1 0 1 1 0 0 0 0 1
0 0 0 1 0 1 0 0 0 1
1 0 0 0 0 0 0 0 1 0
1 0 0 0 0 0 0 0 1 0
0 0 0 1 1 1 0 0 0 1
0 1 0 1 0 0 0 1 0 1
0 0 0 1 0 1 1 0 0 1
0 0 1 0 1 0 1 0 0 1
0 0 1 1 1 1 1 0 0 0
0 1 0 1 0 0 0 1 0 1
0 0 0 1 1 1 0 0 0 1
0 0 0 1 1 1 0 0 0 1
0 1 1 1 0 0 0 1 0 1
0 0 0 1 1 1 0 1 0 1
0 1 1 1 0 0 0 1 0 0
0 1 1 1 0 0 0 1 0 1
0 0 0 1 0 1 0 1 0 1
0 0 0 1 0 1 0 1 0 1
0 1 0 1 0 0 0 1 0 1
0 1 0 1 1 0 0 1 0 1
0 1 1 1 0 0 0 1 0 1
0 1 1 1 0 0 0 0 0 1
0 0 1 1 1 1 0 0 0 1
0 0 1 1 0 1 0 1 0 1
0 1 0 1 1 0 0 1 0 1
0 1 1 1 0 0 0 1 0 1
0 0 1 1 1 1 0 0 0 1
0 0 1 1 1 1 0 0 0 1
0 0 1 1 1 1 0 1 0 1
0 0 1 1 1 1 0 1 0 1
0 0 0 0 1 1 0 0 1 1
0 0 0 1 1 1 0 0 0 0
0 0 0 1 1 1 1 1 0 0
0 0 0 1 1 1 0 1 0 1
1 0 0 0 0 1 0 1 1 0
1 0 0 0 0 0 0 1 1 0
0 1 0 1 0 0 0 1 0 1
0 1 0 1 0 0 0 1 0 1
0 0 0 1 1 1 1 0 0 1
0 0 0 1 1 1 1 0 0 0
0 1 0 1 0 0 0 0 0 1
0 0 0 1 0 1 0 0 0 1
0 1 1 1 0 0 0 1 0 1
0 1 1 1 0 0 0 1 0 1
0 1 1 1 0 0 0 0 0 0
0 1 1 0 0 0 0 1 1 0
0 0 1 1 1 1 0 0 0 1
0 1 1 1 1 0 0 1 0 1
0 1 0 1 0 0 0 1 0 1
0 1 0 1 0 0 0 1 0 1
0 0 0 0 0 1 0 1 0 1
0 0 0 0 0 1 0 0 0 1
0 0 0 1 1 1 0 0 0 1
0 0 0 1 1 1 0 0 0 1
0 0 0 0 0 1 0 1 1 0
0 0 0 1 0 1 0 0 0 1
0 0 0 1 0 1 0 0 0 1
1 0 0 0 0 0 0 0 1 0
1 0 0 0 0 0 0 1 1 0
0 1 0 0 1 0 0 0 1 1
0 0 1 1 1 1 0 1 0 1
0 1 1 1 1 0 0 0 0 1
0 0 0 1 1 1 0 0 0 1
0 0 0 1 1 1 0 0 0 0
0 0 0 0 1 1 1 0 1 1
0 0 0 1 1 1 0 0 0 0
0 1 0 1 0 0 0 1 0 1
0 0 0 1 1 1 0 0 0 1
0 1 0 1 1 0 0 1 0 1
H 10 92
0 1 0 0 0 0 0 0 0 0 0 0 0 0 0 0 0 0 0 0 0 0 0 0 0 0 0 0 0 0 0 0 0 0 0 0 0 0 0 0 0 0 0 0 0 0 0 0 0 0 0 0 0 0 0 0 1 0 0 0 0 0 0 0 0 0 0 1 0 0 1 1 0 0 0 0 0 0 1 0 0 0 0 0 0 0 0 0 1 0 0 0
0 0 0 0 0 0 0 0 0 0 0 0 0 0 0 0 0 0 0 0 0 0 0 0 0 0 0 0 0 0 0 0 0 0 0 0 0 0 0 0 0 0 0 0 0 0 0 0 0 0 0 0 0 0 0 0 1 0 0 0 0 0 0 1 0 0 0 0 0 0 0 0 0 1 0 0 0 0 0 0 0 0 0 0 0 0 0 1 0 0 0 0
0 0 0 0 0 0 0 0 0 1 0 0 0 0 0 0 0 0 0 0 0 0 0 0 0 0 0 0 0 0 0 0 0 0 0 0 0 0 0 0 0 0 0 0 0 0 0 0 0 0 0 0 0 0 0 0 1 0 0 0 0 0 0 0 0 0 0 0 0 0 0 0 0 0 0 0 0 0 0 0 0 0 0 0 0 0 0 0 0 0 0 0
0 0 0 0 0 0 0 0 0 0 0 0 0 0 0 0 0 0 0 0 0 0 0 0 0 0 0 0 0 0 0 0 0 0 0 0 0 0 0 0 0 0 0 0 0 0 0 0 0 0 0 0 0 0 0 0 0 0 0 0 0 0 0 0 0 1 0 0 0 0 0 0 0 0 0 1 1 0 0 1 0 0 0 0 0 0 0 1 0 0 0 0
1 0 0 0 0 0 0 0 0 0 0 0 0 0 0 0 0 0 0 0 0 0 0 0 0 0 0 0 0 0 0 0 0 0 0 0 0 0 0 0 0 0 0 0 0 0 0 0 0 0 0 0 0 0 0 0 0 0 0 0 0 0 0 0 0 0 0 0 0 0 0 0 0 0 0 0 0 0 0 0 0 0 0 0 0 0 0 0 0 0 0 0
0 0 0 0 0 0 0 0 0 0 0 0 0 0 0 0 0 0 0 0 0 0 0 0 0 0 0 0 0 0 0 0 0 0 0 0 0 0 0 0 0 0 0 0 0 0 0 0 0 0 0 0 0 0 0 0 1 0 0 0 1 0 0 0 0 0 0 0 0 0 0 1 0 0 0 0 0 0 0 0 0 0 0 0 0 0 0 1 0 0 0 0
0 0 1 0 0 0 0 0 0 0 0 0 0 0 0 0 0 0 0 0 0 0 0 0 0 0 0 0 0 0 0 0 0 0 0 0 0 0 0 0 0 0 0 0 0 0 0 0 0 0 0 0 0 0 0 0 1 0 0 0 0 0 0 0 0 0 0 0 0 0 0 0 0 0 0 0 0 0 0 0 0 0 0 0 0 0 0 0 0 0 0 0
0 0 0 0 0 0 0 0 0 0 0 0 0 0 0 0 0 0 0 0 0 0 0 0 0 0 0 0 0 0 0 0 0 0 0 0 0 0 0 0 0 0 0 0 0 0 0 0 0 0 0 0 0 0 0 0 0 0 0 0 0 0 0 0 0 0 0 0 0 0 0 0 0 0 0 0 0 0 0 0 0 0 1 0 0 0 0 0 0 0 0 0
0 0 0 0 0 0 0 0 0 0 0 0 0 0 0 0 0 0 0 0 0 0 0 0 0 0 0 0 0 0 0 0 0 0 0 0 0 0 0 0 0 0 0 0 0 0 0 0 0 0 0 0 0 0 0 0 1 0 0 0 0 0 0 0 0 0 0 1 0 0 0 0 0 0 1 0 0 0 1 0 0 1 0 0 0 0 0 0 0 0 0 0
0 0 0 0 0 0 0 0 0 0 0 0 0 0 0 0 0 0 0 0 0 0 0 0 0 0 0 0 0 0 0 0 0 0 0 0 0 0 0 0 0 0 0 0 0 0 0 0 0 0 0 0 0 0 0 0 1 0 0 0 0 0 0 0 0 0 0 0 1 0 0 0 0 0 0 0 0 0 0 0 0 0 0 0 0 0 0 1 0 0 0 0
