W 226 2
0 1
0 1
1 0
0 1
1 1
0 1
0 1
0 1
1 0
1 0
0 0
0 0
1 0
0 0
1 0
1 0
1 0
0 0
1 1
0 1
0 1
0 0
1 0
0 0
0 1
0 0
0 1
1 0
0 1
0 1
0 1
0 1
0 1
0 1
1 0
0 1
0 1
0 1
1 0
1 0
0 1
0 1
0 1
0 1
1 0
1 0
0 1
1 1
1 0
1 0
0 0
1 0
1 0
0 1
0 1
0 1
1 1
1 0
1 0
1 0
0 0
0 1
0 1
1 0
0 0
1 0
1 0
1 0
1 1
0 1
1 1
0 0
0 0
0 0
1 0
0 1
0 1
1 0
1 0
0 0
0 0
1 0
0 1
0 1
0 1
1 0
1 0
0 1
0 1
1 0
1 0
0 1
1 0
0 1
0 1
0 1
0 1
1 0
1 0
1 0
0 1
1 0
0 1
1 0
1 0
1 0
0 0
0 0
0 0
1 1
0 1
0 1
0 0
0 0
0 1
1 0
1 0
1 0
1 0
1 0
0 1
1 0
0 1
0 1
0 1
1 0
0 0
0 0
0 0
0 0
1 0
1 0
0 1
1 0
0 1
0 0
1 0
0 0
1 0
0 0
0 0
0 0
0 0
0 0
0 0
1 0
1 0
0 1
0 1
0 1
1 0
0 1
0 1
0 1
0 1
1 1
0 0
1 0
0 1
0 0
0 0
0 1
1 0
0 1
0 1
0 1
1 0
0 1
0 1
1 0
1 1
1 0
1 0
0 1
0 1
1 0
1 0
1 0
1 0
0 1
0 1
1 0
1 0
0 1
0 1
0 1
0 1
0 1
0 1
0 1
0 1
0 0
0 0
1 0
1 0
0 1
0 1
1 0
0 1
1 0
1 0
1 0
0 0
0 1
1 0
1 0
1 0
0 1
0 1
0 1
0 1
0 0
0 1
0 1
0 0
0 0
1 0
0 1
1 0
0 1
0 1
0 1
0 1
1 0
0 1
1 0
H 2 92
0 0 0 0 0 0 0 0 0 0 0 0 0 0 0 0 0 0 0 0 0 0 0 0 0 0 0 0 0 0 0 0 0 0 0 0 0 0 0 0 0 0 0 0 0 0 0 0 0 0 0 0 0 0 0 0 1 0 0 0 0 0 0 1 0 1 0 0 1 0 0 0 0 1 0 1 1 0 0 1 0 0 1 0 0 0 0 1 0 0 0 0
1 0 0 0 0 0 0 0 0 0 0 0 0 0 0 0 0 0 0 0 0 0 0 0 0 0 0 0 0 0 0 0 0 0 0 0 0 0 0 0 0 0 0 0 0 0 0 0 0 0 0 0 0 0 0 0 1 0 0 0 1 0 0 0 0 1 0 0 1 0 0 1 0 0 1 0 1 0 0 1 0 0 0 0 0 0 0 1 0 0 0 0
