W 242 2
1 0
1 0
0 0
0 1
0 1
0 1
1 1
1 0
0 0
1 0
1 0
1 0
0 0
1 0
1 0
1 0
1 0
1 0
1 0
1 1
1 0
1 1
1 1
1 0
1 0
1 0
1 0
1 1
1 0
0 0
1 1
1 0
0 1
1 0
0 0
0 0
0 0
0 0
1 1
0 1
0 1
0 0
0 1
0 0
0 0
0 0
0 0
1 1
1 0
1 1
0 0
0 0
0 1
0 0
0 0
1 1
0 0
0 0
0 0
0 0
1 1
0 0
1 0
1 1
0 0
1 0
0 1
1 0
1 1
1 1
1 1
0 1
1 1
1 0
0 1
0 1
0 1
1 1
1 1
0 1
1 1
0 1
0 0
1 1
1 1
1 1
1 1
0 0
1 1
0 0
0 1
0 1
0 0
0 0
1 0
0 1
0 0
1 1
0 1
1 1
1 0
0 1
1 0
0 0
0 0
1 0
1 0
1 0
1 0
1 0
0 0
1 0
0 0
1 0
0 0
1 0
1 0
1 0
1 0
1 0
1 1
0 0
1 0
0 0
0 0
1 0
1 0
0 0
0 0
0 1
0 0
1 0
0 1
1 0
1 1
0 1
0 0
0 1
0 1
1 1
1 1
1 1
0 0
0 1
0 1
1 1
1 1
0 0
0 0
1 0
1 0
0 1
0 0
0 1
1 0
1 1
1 1
0 0
1 1
1 1
0 1
0 0
1 0
0 0
0 0
1 0
1 1
1 0
0 1
0 0
0 0
1 0
0 0
1 0
1 0
1 0
0 0
0 1
1 0
0 0
0 0
0 1
1 1
0 0
0 0
0 0
1 0
1 0
1 0
0 0
0 1
0 1
0 1
0 0
1 1
1 0
0 0
1 0
1 0
0 0
0 0
0 0
0 0
0 0
0 0
1 1
1 0
0 1
1 1
1 1
1 1
1 0
1 0
1 1
0 0
0 0
0 0
0 0
0 0
1 0
0 0
0 0
0 0
0 0
0 0
1 0
0 0
0 0
1 1
1 0
0 0
0 0
1 0
0 0
0 0
1 0
1 0
1 0
1 0
1 0
0 1
1 0
H 2 22
1 0 0 0 1 0 0 0 0 1 0 0 0 0 0 0 0 0 0 0 0 0
0 0 1 1 0 0 0 1 1 0 0 1 1 1 0 1 0 0 0 1 1 1
