W 242 5
0 1 1 1 0
0 0 1 0 0
0 1 0 0 0
1 1 0 0 1
0 0 0 0 1
0 1 0 0 1
0 1 1 1 1
0 1 1 0 0
0 0 0 0 0
0 1 1 1 0
0 1 1 0 0
0 0 1 0 0
0 0 0 0 1
0 1 1 0 0
0 1 1 1 0
0 0 1 0 1
1 0 1 0 1
1 0 1 0 0
0 0 1 0 0
1 0 1 1 1
0 0 1 1 0
1 1 1 0 1
0 1 1 1 1
1 0 1 1 0
0 0 1 0 0
1 0 1 0 0
0 0 1 0 1
1 1 1 1 1
0 0 1 1 0
0 0 0 0 0
0 1 1 1 0
1 0 1 1 0
0 0 0 0 1
0 0 1 0 1
0 1 0 0 0
0 0 0 0 1
1 0 0 0 0
0 0 0 0 0
0 1 1 1 1
1 1 0 0 1
1 0 0 0 1
1 0 0 0 0
1 0 0 1 1
0 0 0 0 0
0 0 0 0 0
0 0 0 0 1
0 0 0 0 0
0 1 1 0 1
0 0 1 0 0
0 1 1 1 1
0 0 0 0 1
0 0 0 0 1
1 0 0 0 1
0 0 0 0 0
0 0 0 0 1
1 1 1 1 1
0 0 0 0 1
0 0 0 0 0
0 0 0 0 1
1 0 0 0 1
1 1 1 1 1
1 0 0 0 0
1 0 1 0 1
0 1 1 1 1
0 0 0 0 0
1 0 1 1 1
0 0 0 1 1
0 0 1 1 0
1 1 1 1 0
1 0 1 0 1
1 0 1 1 1
1 0 0 0 1
0 1 1 1 1
0 0 1 0 1
0 1 0 0 0
0 0 0 0 1
1 0 0 1 1
0 1 1 0 1
1 1 1 0 1
0 0 0 0 1
0 0 1 1 1
1 1 0 0 1
0 0 0 0 1
1 1 1 1 1
1 1 1 1 0
1 1 1 1 1
1 1 1 0 1
1 0 0 1 0
0 0 1 1 1
0 0 0 0 1
0 1 0 1 0
0 1 0 1 1
0 0 0 0 1
0 1 0 0 1
0 0 1 0 0
1 1 0 0 0
0 1 0 0 0
1 0 1 0 1
0 1 0 0 1
1 0 1 1 1
1 0 1 0 0
0 1 0 0 1
0 1 1 1 0
0 0 0 1 0
0 0 0 0 0
0 0 1 0 1
0 0 1 0 0
0 0 1 0 0
0 1 1 0 0
0 1 1 0 0
0 0 0 0 0
0 0 1 0 0
0 1 0 0 0
0 0 1 0 1
0 1 0 0 0
1 0 1 0 0
0 0 1 0 0
1 0 1 0 0
0 0 1 0 0
0 0 1 0 0
0 1 1 1 1
0 0 0 0 1
0 0 1 0 0
0 1 0 0 0
0 1 0 1 0
0 0 1 0 0
1 0 1 0 0
0 0 0 0 0
0 0 0 0 0
0 1 0 0 1
0 0 0 0 0
0 1 1 0 0
0 0 0 0 1
0 0 1 1 1
0 1 1 1 0
0 1 0 1 1
0 0 0 0 1
1 1 0 1 1
1 0 0 1 1
1 1 1 1 1
0 1 1 1 1
0 1 1 1 0
0 0 0 0 1
1 1 0 1 1
0 0 0 1 1
1 1 1 1 1
0 1 1 1 0
0 0 0 0 1
0 1 0 0 0
1 0 1 0 1
1 0 1 1 1
0 0 0 1 1
0 0 0 0 0
0 1 0 0 1
1 0 1 0 0
1 1 1 1 1
1 0 1 1 1
0 0 0 0 0
1 1 1 0 1
1 1 1 0 1
0 1 0 0 1
0 0 0 0 0
0 0 1 0 1
0 0 0 0 1
0 0 0 0 1
1 0 1 1 0
0 1 1 1 1
0 1 1 0 0
0 1 0 0 1
0 1 0 0 0
0 1 0 0 0
0 0 1 0 0
0 1 0 0 0
1 0 1 0 0
0 0 1 0 1
0 1 1 0 0
0 1 0 0 0
0 1 0 0 1
0 0 1 0 1
0 0 0 0 0
0 0 0 0 0
0 1 0 1 0
0 0 1 0 1
0 0 0 0 1
0 0 0 0 1
1 0 0 0 0
1 0 1 1 0
1 1 1 1 0
0 0 1 0 1
1 0 0 0 0
1 1 0 1 1
1 0 0 1 1
0 1 0 0 1
0 0 0 0 0
0 0 1 0 1
0 0 1 0 0
1 0 0 0 1
0 0 1 1 0
1 0 1 0 0
0 0 0 0 0
0 0 0 0 0
0 0 0 0 0
0 1 0 0 0
0 0 0 0 0
0 0 0 0 0
0 1 1 1 1
1 0 1 0 0
1 1 0 0 1
0 1 1 0 1
1 1 1 1 1
1 1 1 1 1
0 0 1 0 0
0 0 1 0 0
0 1 1 1 1
0 0 0 0 0
0 0 0 0 0
0 1 0 0 0
0 0 0 0 0
1 0 0 0 0
0 0 1 0 0
0 0 0 0 0
0 0 0 0 0
0 0 0 0 0
0 1 0 0 0
0 0 0 0 0
0 0 1 0 0
0 0 0 0 0
0 0 0 1 0
1 1 1 1 1
0 0 1 0 0
0 0 0 0 0
0 0 0 0 0
0 0 1 0 0
0 0 0 0 0
0 0 0 0 0
0 0 1 0 0
0 0 1 0 1
0 0 1 0 0
0 1 1 1 0
0 0 1 0 0
0 1 0 0 1
0 0 1 0 0
H 5 22
0 1 0 0 0 1 1 0 0 0 1 1 0 0 0 0 0 0 0 0 0 0
0 0 0 1 0 0 0 0 1 0 0 0 0 1 0 0 0 0 0 0 0 0
1 0 0 0 1 0 0 0 0 1 0 0 0 0 0 0 0 0 0 0 0 0
0 0 0 0 0 0 0 0 0 0 0 0 0 0 0 1 0 0 1 1 0 0
0 0 1 0 0 0 0 1 0 0 0 0 1 0 0 0 0 0 0 0 1 1
