W 242 7
1 0 0 1 0 0 1
0 0 0 0 0 0 1
0 1 1 1 0 0 0
0 0 0 1 1 1 0
0 0 1 0 0 1 0
0 1 1 1 0 1 0
1 0 1 1 1 0 1
0 0 0 1 0 0 1
0 0 0 0 0 0 0
0 1 0 1 0 0 1
0 0 0 1 0 0 1
0 1 0 0 0 0 1
0 0 1 0 0 0 0
0 0 0 1 0 0 1
1 0 0 1 0 0 1
0 0 0 0 0 1 1
0 1 1 0 1 1 1
0 1 1 0 1 0 1
0 0 0 0 0 0 1
1 0 0 0 1 1 1
1 0 0 0 0 0 1
1 1 1 1 1 1 1
1 0 0 1 0 1 1
1 1 0 0 1 0 1
0 0 0 0 1 0 1
0 0 0 0 1 0 1
0 0 0 0 0 1 1
1 1 0 1 1 1 1
0 1 0 0 0 0 1
0 0 0 0 0 0 0
1 1 0 1 0 0 1
1 1 0 0 1 0 1
0 0 1 0 1 1 0
0 0 1 0 0 1 1
0 0 0 1 0 0 0
0 0 1 0 0 1 0
0 0 0 0 1 0 0
0 0 0 0 0 0 0
1 0 1 1 0 1 1
0 0 1 1 1 1 0
0 0 1 0 1 1 0
0 1 0 0 1 0 0
1 1 1 0 1 1 0
0 0 1 0 0 0 0
0 0 0 0 0 0 0
0 0 1 0 0 1 0
0 0 1 0 0 0 0
0 0 1 1 0 1 1
0 1 0 0 0 0 1
1 0 0 1 0 1 1
0 0 1 0 0 1 0
0 0 1 0 0 0 0
0 0 1 0 1 1 0
0 1 1 0 0 0 0
0 0 1 0 0 0 0
1 1 1 1 0 1 1
0 0 1 0 0 1 0
0 0 1 0 0 0 0
0 0 0 0 1 1 0
0 0 1 0 1 0 0
1 1 1 1 0 0 1
0 1 0 0 1 0 0
0 1 1 0 0 0 1
1 0 1 1 0 1 1
0 0 0 0 0 0 0
0 1 0 0 1 1 1
1 0 1 0 0 1 0
1 0 0 0 0 0 1
1 1 0 1 1 0 1
0 0 1 0 1 1 1
1 0 1 0 1 1 1
0 0 1 0 1 1 0
1 0 1 1 0 1 1
0 0 1 0 0 1 1
0 0 0 1 1 0 0
0 0 1 0 1 1 0
1 0 1 0 1 1 0
0 0 0 1 0 1 1
0 1 1 1 1 1 1
0 0 1 0 0 1 0
1 0 1 0 0 1 1
0 1 1 1 1 1 0
0 0 1 0 0 1 0
1 1 1 1 1 1 1
1 1 0 1 1 0 1
1 1 1 1 1 1 1
1 0 0 1 1 1 1
1 1 1 0 1 0 0
1 0 1 0 0 1 1
0 0 0 0 0 1 0
1 0 0 1 0 0 0
1 0 1 1 0 1 0
0 0 0 0 0 1 0
0 1 0 1 0 1 0
0 1 1 0 0 0 1
0 0 0 1 1 0 0
1 0 1 1 0 0 0
0 0 1 0 1 1 1
0 0 1 1 1 1 0
1 1 1 0 1 1 1
0 1 0 0 1 0 1
0 0 1 1 0 1 0
0 1 0 1 0 0 1
1 0 0 0 0 0 0
0 0 0 0 0 0 0
0 0 1 0 0 0 1
0 1 0 0 0 0 1
0 0 0 0 0 0 1
0 0 0 1 0 0 1
0 0 0 1 0 0 1
0 0 1 0 0 0 0
0 0 0 0 0 0 1
0 0 0 1 0 0 0
0 0 0 0 0 1 1
0 0 1 1 0 0 0
0 1 0 0 1 0 1
0 0 0 0 0 0 1
0 0 1 0 1 0 1
0 0 0 0 0 0 1
0 0 0 0 1 0 1
1 0 1 1 0 1 1
0 0 1 0 0 1 0
0 0 0 0 0 0 1
0 0 0 1 0 0 0
0 1 0 1 0 0 0
0 0 0 0 0 0 1
0 1 0 0 1 0 1
0 0 0 0 0 0 0
0 0 1 0 0 0 0
1 0 0 1 1 1 0
0 0 1 0 0 0 0
0 1 0 1 0 0 1
0 0 1 0 1 1 0
0 0 0 0 0 1 1
1 0 0 1 1 0 1
1 0 1 1 0 1 0
0 0 0 0 0 1 0
1 1 1 1 1 1 0
1 1 1 0 1 1 0
1 1 1 1 1 1 1
1 0 1 1 0 0 1
1 0 1 1 0 0 1
0 0 1 0 0 0 0
1 0 1 1 1 0 0
1 0 1 0 0 1 0
1 1 1 1 1 1 1
1 0 0 1 0 0 1
0 0 1 0 0 1 0
0 0 0 1 0 0 0
0 0 0 0 1 1 1
0 1 0 0 1 1 1
0 0 1 0 0 1 0
0 0 1 0 1 0 0
0 0 0 1 0 1 0
0 1 0 0 0 0 1
1 1 1 1 1 1 1
1 1 1 0 1 1 1
0 0 0 0 0 0 0
0 1 1 1 1 1 1
0 1 0 1 1 1 1
0 0 1 1 0 1 0
0 0 0 0 0 0 0
0 0 0 0 0 1 1
0 0 1 0 1 0 0
0 0 1 0 1 0 0
1 1 0 0 0 0 1
1 0 0 1 0 1 1
0 0 0 1 0 0 1
0 0 0 1 0 1 0
0 0 1 1 0 0 0
0 0 0 1 0 0 0
0 0 0 0 0 0 1
0 0 0 1 0 0 0
0 1 0 0 1 0 1
1 0 0 0 0 1 1
0 0 0 1 0 0 1
0 0 0 1 0 0 0
0 0 1 1 0 1 0
0 0 0 0 0 1 1
0 0 1 0 0 0 0
1 0 0 0 0 0 0
1 0 1 1 0 0 0
0 0 1 0 0 1 1
0 0 1 0 0 1 0
0 0 1 0 0 1 0
0 0 0 0 1 0 0
1 1 1 0 1 0 1
0 1 0 1 1 0 1
0 0 1 0 0 0 1
0 0 1 0 1 0 0
1 1 1 1 1 1 0
1 0 1 0 1 1 0
0 0 0 1 0 1 0
0 0 1 0 0 0 0
0 0 0 0 1 1 1
0 0 0 0 0 0 1
0 0 1 0 1 0 0
0 1 0 0 0 0 1
0 1 0 0 1 0 1
0 0 0 0 0 0 0
0 1 0 0 0 0 0
0 0 0 0 1 0 0
0 0 0 1 1 0 0
0 0 0 0 0 0 0
0 0 1 0 0 0 0
1 0 1 1 0 1 1
0 1 1 0 1 0 1
0 0 1 1 1 1 0
0 0 0 1 0 1 1
1 1 1 1 1 0 1
1 0 1 1 1 1 1
0 0 0 0 0 0 1
0 0 0 0 0 0 1
1 0 0 1 0 1 1
0 0 1 0 0 0 0
0 0 0 0 0 0 0
0 0 0 1 0 0 0
0 0 0 0 0 0 0
0 0 0 0 1 0 0
0 0 1 0 0 0 1
0 0 0 0 0 0 0
0 0 0 0 0 0 0
0 0 0 0 0 0 0
1 0 1 1 0 0 0
0 0 0 0 0 0 0
0 0 1 0 1 0 1
0 0 0 0 0 0 0
0 0 0 0 0 0 0
0 1 0 1 1 1 1
0 0 0 0 0 0 1
0 0 1 0 0 0 0
0 0 1 0 0 0 0
0 0 0 0 0 0 1
0 0 0 0 0 0 0
0 1 0 0 0 0 0
0 0 0 0 1 0 1
0 0 0 0 0 1 1
0 0 0 0 0 0 1
0 1 0 1 0 0 1
0 0 0 0 0 0 1
0 0 1 1 1 1 0
0 0 0 0 0 0 1
H 7 22
0 0 0 0 0 0 0 0 0 0 0 0 0 0 1 1 0 0 0 1 0 0
0 0 0 0 0 1 0 0 0 0 1 0 0 0 0 0 0 0 1 0 0 0
0 0 0 0 0 0 0 0 0 0 0 0 0 0 0 0 0 0 0 0 0 1
0 0 0 1 0 0 0 0 1 0 0 0 0 1 0 0 0 0 0 0 0 0
0 1 0 0 0 0 1 0 0 0 0 1 0 0 0 0 0 0 0 0 0 0
0 0 1 0 0 0 0 1 0 0 0 0 1 0 0 0 0 0 0 0 1 0
1 0 0 0 1 0 0 0 0 1 0 0 0 0 0 0 0 0 0 0 0 0
