W 242 3
1 0 0
0 0 0
0 0 0
0 1 0
0 1 0
0 1 0
1 1 0
1 0 0
0 0 0
1 0 0
1 0 0
0 0 1
0 1 0
1 0 0
1 0 0
0 1 0
0 1 1
0 0 1
0 0 0
0 1 1
0 0 0
1 1 1
1 1 0
0 0 1
0 0 1
0 0 1
0 1 0
1 1 1
0 0 1
0 0 0
1 0 0
1 0 1
0 1 0
0 1 0
0 0 0
0 1 0
0 0 0
0 0 0
1 1 0
0 1 0
0 1 0
0 0 0
0 1 0
0 0 0
0 0 0
0 1 0
0 0 0
0 1 0
0 0 1
1 1 0
0 1 0
0 1 0
0 1 0
0 0 0
0 1 0
1 1 1
0 1 0
0 0 0
0 1 0
0 1 0
1 1 1
0 0 1
0 1 1
1 1 0
0 0 0
0 1 1
0 1 0
1 0 0
1 0 1
0 1 1
0 1 1
0 1 0
1 1 0
0 1 0
0 0 0
0 1 0
0 1 0
1 1 0
1 1 1
0 1 0
1 1 0
1 1 1
0 1 0
1 1 1
1 0 1
1 1 1
1 1 1
0 0 1
0 1 0
0 1 0
1 0 0
1 1 0
0 1 0
0 1 0
0 0 0
0 0 0
0 0 0
0 1 1
0 1 0
0 1 1
0 0 1
0 1 0
1 0 0
0 0 0
0 0 0
0 1 0
0 0 1
0 0 0
1 0 0
0 0 0
0 0 0
0 0 0
0 0 0
0 1 0
0 0 0
0 0 1
0 0 0
0 0 1
0 0 0
0 0 1
1 1 0
0 1 0
0 0 0
0 0 0
0 0 0
0 0 0
0 0 1
0 0 0
0 0 0
0 1 0
0 0 0
0 0 1
0 1 0
0 1 0
1 0 0
0 1 0
0 1 0
1 1 1
0 1 0
1 1 1
1 1 0
1 0 0
0 1 0
1 1 1
0 1 0
1 1 1
1 0 0
0 1 0
0 0 0
0 1 1
0 1 1
0 1 0
0 0 0
0 1 0
0 0 1
1 1 1
1 1 1
0 0 0
0 1 1
0 1 1
0 1 0
0 0 0
0 1 0
0 1 0
0 1 0
0 0 1
1 1 0
1 0 0
0 1 0
0 0 0
0 0 0
0 0 0
0 0 0
0 0 1
0 1 0
0 0 0
0 0 0
0 1 0
0 1 0
0 0 0
0 0 0
0 0 0
0 1 0
0 1 0
0 1 0
0 0 0
0 0 1
1 0 1
0 1 0
0 0 0
1 1 1
0 1 0
0 1 0
0 0 0
0 1 1
0 0 0
0 1 0
0 0 0
0 0 1
0 0 0
0 0 0
0 0 0
0 0 0
0 0 0
0 0 0
1 1 0
0 0 1
0 1 0
1 1 0
1 1 1
1 1 1
0 0 0
0 0 0
1 1 0
0 0 0
0 0 0
0 0 0
0 0 0
0 0 0
0 0 0
0 0 0
0 0 0
0 0 0
0 0 0
0 0 0
0 0 1
0 0 0
0 0 0
1 1 1
0 0 0
0 0 0
0 0 0
0 0 0
0 0 0
0 0 0
0 0 1
0 1 0
0 0 0
1 0 0
0 0 0
0 1 0
0 0 0
H 3 22
1 0 0 1 1 0 0 0 1 1 0 0 0 1 1 1 0 0 1 1 0 0
0 0 1 0 0 0 0 1 0 0 0 0 1 0 0 0 0 0 0 0 1 1
1 1 0 0 1 1 1 0 0 1 1 1 0 0 0 0 0 0 0 0 0 0
