W 242 6
0 1 1 0 1 0
0 0 0 0 1 0
0 1 0 1 0 0
1 1 0 0 0 1
1 0 0 0 0 0
1 1 0 1 0 0
1 1 1 0 1 1
0 1 0 0 1 0
0 0 0 0 0 0
0 1 0 1 1 0
0 1 0 0 1 0
0 0 0 1 1 0
1 0 0 0 0 0
0 1 0 0 1 0
0 1 1 0 1 0
1 0 0 0 1 0
1 0 0 1 1 1
0 0 0 1 1 1
0 0 0 0 1 0
1 0 1 0 1 1
0 0 1 0 1 0
1 1 1 1 1 1
1 1 1 0 1 0
0 0 1 1 1 1
0 0 0 0 1 1
0 0 0 0 1 1
1 0 0 0 1 0
1 1 1 1 1 1
0 0 0 1 1 0
0 0 0 0 0 0
0 1 1 1 1 0
0 0 1 1 1 1
1 0 0 0 0 1
1 0 0 0 1 0
0 1 0 0 0 0
1 0 0 0 0 0
0 0 0 0 0 1
0 0 0 0 0 0
1 1 1 0 1 0
1 1 0 0 0 1
1 0 0 0 0 1
0 0 0 1 0 1
1 0 1 1 0 1
0 0 0 0 0 0
0 0 0 0 0 0
1 0 0 0 0 0
0 0 0 0 0 0
1 1 0 0 1 0
0 0 0 1 1 0
1 1 1 0 1 0
1 0 0 0 0 0
1 0 0 0 0 0
1 0 0 0 0 1
0 0 0 1 0 0
1 0 0 0 0 0
1 1 1 1 1 0
1 0 0 0 0 0
0 0 0 0 0 0
1 0 0 0 0 1
1 0 0 0 0 1
1 1 1 1 1 0
0 0 0 1 0 1
1 0 0 1 1 0
1 1 1 0 1 0
0 0 0 0 0 0
1 0 0 1 1 1
1 0 1 0 0 0
0 0 1 0 1 0
0 1 1 1 1 1
1 0 0 0 1 1
1 0 1 0 1 1
1 0 0 0 0 1
1 1 1 0 1 0
1 0 0 0 1 0
0 1 0 0 0 1
1 0 0 0 0 1
1 0 1 0 0 1
1 1 0 0 1 0
1 1 0 1 1 1
1 0 0 0 0 0
1 0 1 0 1 0
1 1 0 1 0 1
1 0 0 0 0 0
1 1 1 1 1 1
0 1 1 1 1 1
1 1 1 1 1 1
1 1 1 0 1 1
0 0 1 1 0 1
1 0 1 0 1 0
1 0 0 0 0 0
0 1 1 0 0 0
1 1 1 0 0 0
1 0 0 0 0 0
1 1 0 1 0 0
0 0 0 1 1 0
0 1 0 0 0 1
0 1 1 0 0 0
1 0 0 0 1 1
1 1 0 0 0 1
1 0 1 1 1 1
0 0 0 1 1 1
1 1 0 0 0 0
0 1 0 1 1 0
0 0 1 0 0 0
0 0 0 0 0 0
1 0 0 0 1 0
0 0 0 1 1 0
0 0 0 0 1 0
0 1 0 0 1 0
0 1 0 0 1 0
0 0 0 0 0 0
0 0 0 0 1 0
0 1 0 0 0 0
1 0 0 0 1 0
0 1 0 0 0 0
0 0 0 1 1 1
0 0 0 0 1 0
0 0 0 0 1 1
0 0 0 0 1 0
0 0 0 0 1 1
1 1 1 0 1 0
1 0 0 0 0 0
0 0 0 0 1 0
0 1 0 0 0 0
0 1 0 1 0 0
0 0 0 0 1 0
0 0 0 1 1 1
0 0 0 0 0 0
0 0 0 0 0 0
1 1 1 0 0 1
0 0 0 0 0 0
0 1 0 1 1 0
1 0 0 0 0 1
1 0 0 0 1 0
0 1 1 0 1 1
1 1 1 0 0 0
1 0 0 0 0 0
1 1 1 1 0 1
1 0 1 1 0 1
1 1 1 1 1 1
1 1 1 0 1 0
0 1 1 0 1 0
1 0 0 0 0 0
1 1 1 0 0 1
1 0 1 0 0 0
1 1 1 1 1 1
0 1 1 0 1 0
1 0 0 0 0 0
0 1 0 0 0 0
1 0 0 0 1 1
1 0 0 1 1 1
1 0 0 0 0 0
0 0 0 0 0 1
1 1 0 0 0 0
0 0 0 1 1 0
1 1 1 1 1 1
1 0 1 1 1 1
0 0 0 0 0 0
1 1 0 1 1 1
1 1 0 1 1 1
1 1 0 0 0 0
0 0 0 0 0 0
1 0 0 0 1 0
1 0 0 0 0 1
1 0 0 0 0 1
0 0 1 1 1 0
1 1 1 0 1 0
0 1 0 0 1 0
1 1 0 0 0 0
0 1 0 0 0 0
0 1 0 0 0 0
0 0 0 0 1 0
0 1 0 0 0 0
0 0 0 1 1 1
1 0 1 0 1 0
0 1 0 0 1 0
0 1 0 0 0 0
1 1 0 0 0 0
1 0 0 0 1 0
0 0 0 0 0 0
0 0 1 0 0 0
0 1 1 0 0 0
1 0 0 0 1 0
1 0 0 0 0 0
1 0 0 0 0 0
0 0 0 0 0 1
0 0 1 1 1 1
0 1 0 1 1 1
1 0 0 0 1 0
0 0 0 0 0 1
1 1 1 1 0 1
1 0 1 0 0 1
1 1 0 0 0 0
0 0 0 0 0 0
1 0 0 0 1 1
0 0 0 0 1 0
1 0 0 0 0 1
0 0 0 1 1 0
0 0 0 1 1 1
0 0 0 0 0 0
0 0 0 1 0 0
0 0 0 0 0 1
0 1 0 0 0 1
0 0 0 0 0 0
0 0 0 0 0 0
1 1 1 0 1 0
0 0 0 1 1 1
1 1 0 0 0 1
1 1 0 0 1 0
1 1 1 1 1 1
1 1 1 0 1 1
0 0 0 0 1 0
0 0 0 0 1 0
1 1 1 0 1 0
0 0 0 0 0 0
0 0 0 0 0 0
0 1 0 0 0 0
0 0 0 0 0 0
0 0 0 0 0 1
0 0 0 0 1 0
0 0 0 0 0 0
0 0 0 0 0 0
0 0 0 0 0 0
0 1 1 0 0 0
0 0 0 0 0 0
0 0 0 0 1 1
0 0 0 0 0 0
0 0 0 0 0 0
1 1 0 1 1 1
0 0 0 0 1 0
0 0 0 0 0 0
0 0 0 0 0 0
0 0 0 0 1 0
0 0 0 0 0 0
0 0 0 1 0 0
0 0 0 0 1 1
1 0 0 0 1 0
0 0 0 0 1 0
0 1 0 1 1 0
0 0 0 0 1 0
1 1 0 0 0 1
0 0 0 0 1 0
H 6 22
0 0 1 0 0 0 0 1 0 0 0 0 1 0 0 0 0 0 0 0 1 1
0 0 0 1 0 0 0 0 1 0 0 0 0 1 0 0 0 0 0 0 0 0
0 0 0 0 0 0 0 0 0 0 0 0 0 0 1 1 0 0 0 1 0 0
0 0 0 0 0 1 0 0 0 0 1 0 0 0 0 0 0 0 1 0 0 0
1 0 0 0 1 0 0 0 0 1 0 0 0 0 0 0 0 0 0 0 0 0
0 1 0 0 0 0 1 0 0 0 0 1 0 0 0 0 0 0 0 0 0 0
