W 242 9
1 1 1 0 0 0 0 1 0
1 0 0 0 0 0 0 0 0
0 1 0 0 1 0 1 0 0
0 1 1 1 0 1 0 0 1
0 0 1 0 0 0 1 0 1
0 1 1 1 1 0 1 0 1
1 1 1 1 0 1 1 1 0
1 1 0 0 0 0 0 0 0
0 0 0 1 0 0 0 0 0
1 1 1 0 1 0 0 0 0
1 1 0 0 0 0 0 0 0
1 0 0 0 1 0 0 0 0
0 0 0 1 0 0 1 0 0
1 1 0 0 0 0 0 0 0
1 1 1 0 0 0 0 1 0
1 0 0 1 0 0 0 0 1
1 0 0 1 1 1 1 0 0
1 0 0 0 1 1 1 0 0
1 0 0 0 0 0 0 1 0
1 0 1 1 0 1 0 1 1
1 0 1 0 0 0 0 1 0
1 1 0 1 1 1 1 1 1
1 1 1 1 0 0 0 1 1
1 0 1 0 1 1 0 1 0
1 0 0 0 0 1 0 0 0
1 0 1 0 0 1 0 0 0
1 0 0 1 0 0 0 0 1
1 1 1 0 1 1 0 1 1
1 0 1 0 1 0 0 0 0
0 0 1 0 0 0 0 0 0
1 1 1 1 1 0 0 1 0
1 0 1 0 1 1 0 1 0
0 0 1 1 0 1 1 0 0
1 0 0 1 0 0 1 0 0
0 1 0 0 0 0 0 1 1
0 0 0 1 0 0 1 0 0
0 0 1 0 0 1 0 0 1
0 0 0 0 0 0 0 0 0
1 1 1 1 0 0 1 1 1
0 1 0 1 0 1 1 0 1
0 0 0 1 0 1 1 0 1
0 0 0 0 1 1 0 0 0
0 0 1 1 1 1 1 1 1
0 0 0 0 0 0 1 0 0
0 0 0 0 0 0 0 0 0
0 0 0 0 0 0 1 0 1
0 0 1 0 0 0 1 0 0
1 1 0 1 0 0 1 0 1
1 0 0 0 1 0 0 0 0
1 1 1 1 0 0 0 1 1
0 0 0 0 0 0 1 0 1
0 0 0 1 0 0 1 0 0
0 0 1 1 0 1 1 0 1
0 0 0 0 1 0 1 1 0
0 0 0 1 0 0 1 0 0
1 1 1 1 1 0 1 0 1
0 0 0 1 0 0 1 0 0
0 0 0 0 0 0 1 0 0
0 0 0 0 0 1 0 1 1
0 0 0 0 0 1 1 0 1
1 1 1 0 1 0 1 1 1
0 0 0 0 1 1 0 0 0
1 0 0 1 1 0 1 0 0
1 1 1 1 0 0 1 1 1
0 0 0 0 0 0 0 1 0
1 0 0 1 1 1 0 1 1
0 0 1 1 0 0 1 1 0
1 0 1 0 0 0 0 1 0
1 1 1 0 1 1 0 1 0
1 0 0 1 0 1 1 0 1
1 0 1 1 0 1 1 1 0
0 0 0 1 0 1 1 0 1
1 1 1 1 0 0 1 1 1
1 0 0 1 0 0 1 0 1
0 1 0 1 0 1 0 0 0
0 0 0 1 0 1 1 0 1
0 0 1 1 0 1 1 1 1
1 1 0 1 0 0 0 0 1
1 1 0 1 1 1 1 0 1
0 0 0 1 0 0 1 1 0
1 0 1 1 0 0 1 1 0
0 1 1 1 1 1 1 0 1
0 0 0 1 0 0 1 0 1
1 1 1 1 1 1 1 1 1
1 1 1 0 1 1 0 1 0
1 1 1 1 1 1 1 1 1
1 1 0 0 0 1 0 1 1
0 0 1 0 1 1 1 1 0
1 0 1 1 0 0 1 1 1
0 0 0 1 0 0 0 0 0
0 1 1 0 0 0 0 1 0
0 1 1 1 0 0 1 1 1
0 0 0 0 0 0 0 0 1
0 1 0 0 1 0 0 0 1
1 0 0 0 1 0 1 0 0
0 1 0 1 0 1 0 1 0
0 1 0 0 0 0 1 1 0
1 0 0 1 0 1 1 1 1
0 1 0 1 0 1 1 0 1
1 0 1 1 1 1 1 1 1
1 0 0 1 1 1 0 0 0
0 1 0 1 0 0 1 0 1
1 1 0 0 1 0 0 1 0
0 0 1 0 0 0 0 1 0
0 0 0 0 0 0 0 1 0
1 0 0 1 0 0 1 0 0
1 0 0 0 1 0 0 0 0
1 0 0 0 0 0 0 0 0
1 1 0 0 0 0 0 0 0
1 1 0 0 0 0 0 0 0
0 0 0 0 0 0 1 0 0
1 0 1 0 0 0 0 0 0
0 1 0 0 0 0 0 0 0
1 0 0 0 0 0 0 0 1
0 1 0 0 0 0 1 0 0
1 0 0 0 1 1 0 0 0
1 0 0 0 0 0 0 0 0
1 0 0 0 0 1 1 0 0
1 0 0 0 0 0 0 0 0
1 0 0 0 0 1 0 0 0
1 1 1 1 0 0 1 1 1
0 0 0 1 0 0 1 0 1
1 0 0 0 0 0 0 0 0
0 1 0 0 0 0 0 0 0
0 1 0 0 1 0 0 1 0
1 0 0 0 0 0 0 0 1
1 0 0 0 1 1 0 1 1
0 0 0 0 0 0 0 0 0
0 0 1 0 0 0 1 0 0
0 1 1 1 0 1 0 0 1
0 0 0 0 0 0 1 0 0
1 1 0 0 1 0 0 0 0
0 0 1 1 0 1 1 0 1
1 0 0 1 0 0 0 1 1
1 1 1 1 0 1 0 1 0
0 1 1 1 0 0 1 1 1
0 0 0 1 0 0 0 0 1
0 1 1 1 1 1 1 1 1
0 0 1 0 1 1 1 1 1
1 1 1 1 1 1 1 1 1
1 1 1 0 0 0 1 1 1
1 1 1 0 0 0 1 1 0
0 0 0 0 0 0 1 0 1
0 1 1 0 0 1 1 1 0
0 0 1 1 0 0 1 1 1
1 1 1 1 1 1 1 1 1
1 1 1 1 0 0 0 1 0
0 0 0 1 0 0 1 0 1
0 1 0 0 0 0 0 0 0
1 0 0 1 0 1 0 0 1
1 0 0 0 1 1 0 1 1
0 0 1 1 0 0 1 0 1
0 0 0 0 0 1 1 0 0
0 1 0 1 0 0 0 0 0
1 0 0 0 1 0 0 0 0
1 1 1 1 1 1 1 1 1
1 0 1 1 1 1 1 1 1
0 0 0 0 0 0 0 1 0
1 1 0 1 1 1 1 0 1
1 1 0 1 1 1 0 0 0
0 1 0 1 0 0 1 0 1
0 0 1 0 0 0 0 0 0
1 0 0 1 0 0 0 0 1
0 0 0 1 0 1 1 0 0
0 0 0 0 0 1 1 0 1
1 0 1 0 1 0 0 1 0
1 1 1 0 0 0 0 1 1
1 1 0 0 0 0 0 1 0
0 1 0 1 0 0 0 0 1
0 1 0 0 0 0 1 0 0
0 1 0 0 0 0 0 0 0
1 0 0 0 0 0 0 0 0
0 1 0 0 0 0 0 1 1
1 0 1 0 1 1 0 0 0
1 0 1 0 0 0 0 0 1
1 1 1 0 0 0 0 0 1
0 1 0 1 0 0 0 0 0
0 1 0 0 0 0 1 0 1
1 0 0 0 0 0 0 0 1
0 0 0 0 0 0 1 1 0
0 0 1 1 0 0 0 0 0
0 1 1 0 0 0 1 1 0
1 0 0 1 0 0 1 0 1
0 0 0 0 0 0 1 0 1
0 0 0 1 0 0 1 0 1
0 0 0 0 0 1 0 0 0
1 0 1 0 1 1 1 1 0
1 1 0 0 1 1 0 1 0
1 0 0 1 0 0 1 0 0
0 0 1 0 0 1 1 0 0
0 1 1 1 1 1 1 0 1
0 0 1 1 0 1 1 1 1
0 1 1 1 0 0 0 0 1
0 0 0 0 0 0 1 0 0
1 0 0 1 0 1 0 1 1
1 0 0 0 0 0 0 1 0
0 0 0 1 0 1 1 0 0
1 0 0 0 1 0 0 1 0
1 0 0 0 1 1 0 0 0
0 0 0 1 0 0 0 0 0
0 0 0 0 1 0 0 0 0
0 0 1 0 0 1 0 0 0
0 1 0 0 0 1 0 0 0
0 0 0 0 0 0 0 1 0
0 0 0 0 0 0 1 0 0
1 1 1 1 0 0 1 1 1
1 0 0 0 1 1 1 0 0
0 1 1 1 0 1 1 0 1
1 1 0 1 0 0 0 0 1
1 1 1 0 1 1 1 1 1
1 1 1 1 0 1 1 1 1
1 0 0 0 0 0 0 0 0
1 0 0 0 0 0 0 0 0
1 1 1 0 0 0 0 1 1
0 0 0 0 0 0 1 0 0
0 0 0 0 0 0 0 0 0
0 1 0 0 0 0 0 0 0
0 0 0 0 0 0 0 0 0
0 0 0 0 0 1 0 0 0
1 0 0 0 0 0 1 0 0
0 0 0 0 0 0 0 1 0
0 0 0 0 0 0 0 0 1
0 0 0 0 0 0 0 1 0
0 1 0 0 0 0 1 1 0
0 0 0 0 0 0 0 0 1
1 0 0 0 0 1 1 0 0
0 0 0 0 0 0 0 0 0
0 0 0 0 0 0 0 1 0
1 1 1 1 1 1 0 0 1
1 0 0 0 0 0 0 0 0
0 0 0 0 0 0 1 0 0
0 0 0 0 0 0 1 0 0
1 0 0 0 0 0 0 0 0
0 0 0 0 0 0 0 0 1
0 0 0 0 1 0 0 0 0
1 0 0 0 0 1 0 0 0
1 0 0 1 0 0 0 0 1
1 0 0 0 0 0 0 0 0
1 1 0 0 1 0 0 1 0
1 0 0 0 0 0 0 0 0
0 1 0 1 0 1 1 0 1
1 0 0 0 0 0 0 0 0
H 9 22
1 0 0 0 1 0 0 0 0 1 0 0 0 0 0 0 0 0 0 0 0 0
0 0 0 1 0 0 0 0 1 0 0 0 0 1 0 0 0 0 0 0 0 0
0 0 0 0 0 0 0 0 0 0 0 0 0 0 0 1 0 0 0 0 0 0
0 0 0 0 0 0 0 1 0 0 0 0 1 0 0 0 0 0 0 0 1 0
0 0 0 0 0 1 0 0 0 0 1 0 0 0 0 0 0 0 1 0 0 0
0 1 0 0 0 0 1 0 0 0 0 1 0 0 0 0 0 0 0 0 0 0
0 0 0 0 0 0 0 0 0 0 0 0 0 0 0 0 0 0 0 0 0 1
0 0 0 0 0 0 0 0 0 0 0 0 0 0 0 0 0 0 0 1 0 0
0 0 1 0 0 0 0 1 0 0 0 0 1 0 0 0 0 0 0 0 0 0
