W 242 4
0 1 0 1
0 1 0 0
0 0 0 1
1 0 1 1
1 0 0 0
1 0 0 0
1 1 0 1
0 1 0 1
0 0 0 0
0 1 0 1
0 1 0 1
0 1 0 0
1 0 0 0
0 1 0 0
0 1 0 1
1 1 0 0
1 1 1 0
0 1 1 0
0 1 0 0
1 1 1 0
0 1 0 0
1 1 1 1
1 1 0 1
0 1 1 0
0 1 0 0
0 1 1 0
1 1 0 0
1 1 1 1
0 1 0 0
0 0 0 0
0 1 0 1
0 1 1 1
1 0 0 0
1 1 0 0
0 0 0 0
1 0 0 0
0 0 1 0
0 0 0 0
1 1 0 1
1 0 1 0
1 0 1 0
0 0 1 0
1 0 1 0
0 0 0 0
0 0 0 0
1 0 0 0
0 0 0 0
1 1 0 0
0 1 0 0
1 1 0 1
1 0 0 0
1 0 0 0
1 0 1 0
0 0 0 0
1 0 0 0
1 1 1 1
1 0 0 0
0 0 0 0
1 0 0 0
1 0 1 0
1 1 1 1
0 0 1 0
1 1 1 0
1 1 0 1
0 0 0 0
1 1 1 0
1 0 0 0
0 1 0 0
0 1 1 1
1 1 1 0
1 1 1 0
1 0 1 0
1 1 0 1
1 1 0 0
0 0 0 0
1 0 0 0
1 0 1 0
1 1 0 0
1 1 1 1
1 0 0 0
1 1 0 1
1 0 1 1
1 0 0 0
1 1 1 1
0 1 1 1
1 1 1 1
1 1 1 1
0 0 1 0
1 1 0 0
1 0 0 0
0 0 0 1
1 0 0 1
1 0 0 0
1 0 0 0
0 1 0 0
0 0 1 1
0 0 0 1
1 1 1 0
1 0 0 0
1 1 1 0
0 1 1 0
1 0 0 1
0 1 0 1
0 0 0 0
0 0 0 0
1 1 0 0
0 1 0 0
0 1 0 0
0 1 0 0
0 1 0 0
0 0 0 0
0 1 0 0
0 0 0 0
1 1 0 0
0 0 0 0
0 1 1 0
0 1 0 0
0 1 1 0
0 1 0 0
0 1 0 0
1 1 0 1
1 0 0 0
0 1 0 0
0 0 0 0
0 0 0 1
0 1 0 0
0 1 1 0
0 0 0 0
0 0 0 0
1 0 0 1
0 0 0 0
0 1 0 0
1 0 0 0
1 1 0 0
0 1 0 1
1 0 0 1
1 0 0 0
1 0 1 1
1 0 1 0
1 1 1 1
1 1 0 1
0 1 0 1
1 0 0 0
1 0 1 1
1 0 0 0
1 1 1 1
0 1 0 1
1 0 0 0
0 0 0 0
1 1 1 0
1 1 1 0
1 0 0 0
0 0 0 0
1 0 0 0
0 1 1 0
1 1 1 1
1 1 1 1
0 0 0 0
1 1 1 0
1 1 1 0
1 0 0 1
0 0 0 0
1 1 0 0
1 0 0 0
1 0 0 0
0 1 1 0
1 1 0 1
0 1 0 0
1 0 0 0
0 0 0 0
0 0 0 0
0 1 0 0
0 0 0 0
0 1 1 0
1 1 0 0
0 1 0 0
0 0 0 0
1 0 0 0
1 1 0 0
0 0 0 0
0 0 0 0
0 0 0 1
1 1 0 0
1 0 0 0
1 0 0 0
0 0 1 0
0 1 1 0
0 1 1 1
1 1 0 0
0 0 1 0
1 0 1 1
1 0 1 0
1 0 0 1
0 0 0 0
1 1 0 0
0 1 0 0
1 0 1 0
0 1 0 0
0 1 1 0
0 0 0 0
0 0 0 0
0 0 0 0
0 0 0 0
0 0 0 0
0 0 0 0
1 1 0 1
0 1 1 0
1 0 1 0
1 1 0 1
1 1 1 1
1 1 1 1
0 1 0 0
0 1 0 0
1 1 0 1
0 0 0 0
0 0 0 0
0 0 0 0
0 0 0 0
0 0 1 0
0 1 0 0
0 0 0 0
0 0 0 0
0 0 0 0
0 0 0 1
0 0 0 0
0 1 0 0
0 0 0 0
0 0 0 0
1 1 1 1
0 1 0 0
0 0 0 0
0 0 0 0
0 1 0 0
0 0 0 0
0 0 0 0
0 1 0 0
1 1 0 0
0 1 0 0
0 1 0 1
0 1 0 0
1 0 0 0
0 1 0 0
H 4 22
0 0 1 0 0 0 0 1 0 0 0 0 1 0 0 0 0 0 0 0 1 1
1 0 0 0 1 0 0 0 0 1 0 0 0 0 0 0 0 0 0 0 0 0
0 1 0 0 0 1 1 0 0 0 1 1 0 0 0 0 0 0 0 0 0 0
0 0 0 1 0 0 0 0 1 0 0 0 0 1 1 1 0 0 1 1 0 0
