W 155 5
0 1 0 1 0
1 0 0 1 0
1 0 0 1 0
0 1 0 0 0
0 1 0 0 0
0 1 0 0 0
0 0 0 1 1
0 1 0 0 0
1 1 0 0 0
0 1 0 0 0
0 1 0 0 0
1 0 0 0 1
1 0 0 1 0
1 1 0 0 0
0 1 0 1 0
0 0 1 1 0
1 1 0 0 0
0 0 1 1 0
0 1 0 0 0
0 1 0 1 0
0 1 0 0 0
0 0 1 0 0
0 1 0 0 0
0 1 0 0 0
0 1 0 0 0
0 0 1 1 0
0 0 1 0 1
1 0 0 0 1
1 0 0 1 0
0 0 0 1 0
0 0 1 1 0
1 0 0 1 0
1 1 0 0 0
0 1 0 1 0
0 1 0 0 0
0 1 0 0 0
0 1 1 0 0
0 0 1 0 0
0 1 0 1 0
1 0 0 0 1
0 0 0 1 0
0 1 0 0 0
0 1 0 0 0
1 1 0 0 0
0 1 0 0 0
0 1 0 0 0
0 1 0 1 0
0 0 1 1 0
0 1 0 0 0
0 0 1 0 0
0 1 0 1 0
0 1 0 0 0
0 1 0 0 0
1 1 0 0 0
0 1 0 0 0
0 0 1 1 0
0 0 1 1 0
0 1 0 1 0
1 1 0 0 0
0 0 0 1 1
0 1 0 0 0
0 1 0 0 0
0 0 0 0 1
0 1 0 1 0
1 0 0 1 0
0 1 0 0 0
1 0 0 1 0
0 0 0 0 1
1 0 0 1 0
0 0 0 1 1
0 1 0 0 0
0 0 1 0 0
1 1 1 0 0
0 0 1 1 0
0 1 0 0 0
0 0 0 1 0
1 0 0 0 1
0 1 0 1 0
1 1 0 1 0
0 1 0 0 0
0 1 0 0 0
0 1 0 0 0
0 1 0 1 0
0 0 0 1 1
1 0 0 0 1
0 0 1 1 0
0 0 0 1 1
0 0 0 0 1
0 0 1 0 1
0 0 1 0 0
1 0 0 0 1
0 0 0 0 1
0 1 0 0 0
0 0 0 1 1
0 0 1 0 1
0 0 1 0 0
0 0 1 0 1
0 0 1 0 1
0 1 0 0 0
1 0 0 0 0
0 0 0 0 1
0 1 0 0 0
1 0 1 0 1
0 0 1 0 1
1 0 0 1 0
0 1 0 0 0
1 0 1 0 1
0 0 0 1 1
1 0 0 0 0
0 0 1 1 0
0 1 0 0 0
0 0 0 1 1
1 0 0 1 0
1 0 0 1 0
0 1 0 1 0
1 0 0 0 1
0 1 0 0 0
1 0 0 0 1
0 0 0 1 1
1 0 0 0 0
0 0 1 0 1
0 0 1 0 1
0 1 0 0 0
0 0 0 1 1
1 0 0 0 1
0 0 1 0 0
1 0 1 0 1
1 0 0 0 1
0 0 0 1 1
0 0 0 1 1
0 1 0 0 0
0 0 1 1 0
0 0 1 0 1
1 0 0 0 1
0 1 0 1 0
1 0 0 0 1
1 0 0 0 0
1 0 0 0 1
1 0 0 0 1
0 1 0 0 0
0 0 1 0 1
0 0 0 1 1
1 0 0 0 1
0 0 0 1 1
0 0 0 0 1
0 0 1 1 0
1 0 0 0 1
0 0 1 0 1
0 1 0 1 0
0 1 0 0 0
0 0 0 0 1
1 0 0 0 1
1 0 0 0 0
1 0 0 1 0
1 0 0 1 0
H 5 38
0 1 1 0 0 0 1 0 0 0 0 0 1 0 0 1 0 1 1 0 0 1 0 1 0 0 1 0 0 1 0 0 0 1 0 1 0 0
1 0 1 0 1 0 1 0 0 1 0 1 1 0 0 1 0 1 0 1 0 1 0 1 0 1 0 1 0 1 0 1 0 1 0 1 1 0
1 0 1 0 0 0 0 1 0 0 0 0 1 0 1 0 0 1 1 0 1 0 1 0 0 0 1 0 0 1 0 0 0 1 0 1 0 0
0 0 1 0 1 0 0 0 1 0 1 0 1 0 1 0 0 0 0 0 0 0 0 1 0 1 0 1 0 1 0 1 0 1 0 1 1 0
0 1 0 0 0 1 0 1 1 0 1 0 1 0 0 0 0 1 1 0 1 0 0 0 0 1 0 0 0 1 1 0 0 0 0 0 0 1
