W 155 3
1 0 0
1 0 0
1 0 0
0 1 0
0 1 0
0 1 0
1 0 0
0 1 0
0 1 0
0 1 0
0 1 0
1 0 0
1 0 0
0 1 0
1 0 0
1 0 0
0 1 0
1 0 0
0 1 0
0 1 0
0 1 0
0 0 1
0 1 0
0 1 0
0 1 0
1 0 0
0 0 1
0 0 1
1 0 0
1 0 0
0 0 1
1 0 0
0 1 0
1 0 0
0 1 0
0 1 0
0 1 0
0 0 1
1 0 0
0 0 1
1 0 0
0 1 0
0 1 0
1 0 0
0 1 0
0 1 0
1 0 0
0 0 1
0 1 0
0 1 0
1 0 0
0 1 0
0 1 0
1 0 0
0 1 0
1 0 0
1 0 0
0 1 0
0 1 0
1 0 0
0 1 0
0 1 0
1 0 0
1 0 0
1 0 0
0 1 0
1 0 0
0 0 1
1 0 0
1 0 0
0 1 0
0 0 1
0 0 1
1 0 0
0 1 0
1 0 0
0 0 1
1 0 0
1 0 0
0 1 0
0 1 0
0 1 0
1 0 0
0 0 1
0 0 1
1 0 0
0 0 1
0 0 1
0 0 1
1 0 0
0 0 1
0 0 1
0 1 0
1 0 1
0 0 1
0 0 1
0 0 1
0 0 1
0 1 0
0 0 1
0 0 1
0 1 0
0 0 1
0 0 1
0 0 1
0 1 0
1 0 1
0 0 1
0 0 1
1 0 0
0 1 0
0 0 1
1 0 0
1 0 0
1 0 0
0 0 1
1 0 0
0 0 1
0 0 1
1 0 0
0 0 1
0 0 1
0 1 0
1 0 1
0 0 1
0 1 0
0 0 1
0 0 1
0 0 1
0 0 1
0 1 0
1 0 1
0 0 1
0 0 1
1 0 0
0 0 1
0 1 0
0 0 1
0 0 1
0 1 0
0 0 1
0 0 1
0 0 1
0 0 1
0 0 1
1 0 0
0 0 1
0 0 1
1 0 0
0 1 0
0 0 1
0 0 1
0 0 1
1 0 0
1 0 0
H 3 38
1 0 1 0 1 0 1 0 1 0 1 0 1 0 1 0 0 1 1 0 0 1 0 1 0 1 0 1 0 1 0 1 0 1 0 1 1 0
1 0 1 0 1 0 1 0 0 1 0 1 1 0 0 1 0 1 0 1 0 1 0 1 0 1 0 1 0 1 0 1 0 1 0 1 1 0
0 1 1 0 0 1 0 1 1 0 1 0 1 0 1 0 0 1 1 0 1 0 0 1 0 1 1 0 0 1 1 0 0 1 0 1 0 1
