W 155 10
0 0 0 0 1 1 0 0 1 0
0 0 0 1 1 1 0 0 0 0
0 0 0 1 1 1 1 0 0 0
0 0 0 0 1 1 0 0 1 0
0 1 0 0 0 1 1 0 1 0
0 0 0 0 1 1 1 0 1 0
0 1 0 1 0 1 0 0 0 0
0 1 0 0 1 0 1 1 1 0
0 0 0 1 1 0 1 1 0 0
0 1 0 0 0 1 1 0 1 0
0 0 0 0 1 0 0 1 1 0
0 1 1 1 0 0 1 0 0 0
0 0 0 1 1 1 1 0 0 0
0 1 0 0 0 0 1 1 1 0
0 0 0 0 1 1 0 1 1 0
0 1 0 0 0 1 0 0 0 1
0 0 0 1 1 0 1 1 0 0
0 1 0 1 0 1 0 0 0 0
0 0 0 0 1 0 1 1 1 0
0 0 0 0 1 0 0 1 1 0
0 0 0 1 1 0 1 1 0 0
0 1 1 0 0 0 0 0 0 1
0 0 0 0 1 1 1 0 1 0
0 1 0 1 0 0 1 1 1 0
0 0 0 0 1 0 0 1 1 0
0 0 0 0 1 1 0 1 0 1
0 0 0 0 1 1 0 0 0 1
0 0 1 1 1 0 1 0 0 0
0 0 0 1 1 1 0 0 0 0
1 0 0 0 1 0 0 1 0 0
1 1 1 0 0 0 0 0 0 0
1 0 0 0 1 1 0 0 0 0
0 0 0 0 1 0 1 1 0 1
0 0 1 0 1 1 0 0 1 0
0 1 0 0 0 0 1 1 1 0
0 0 0 1 1 0 1 1 0 0
0 1 0 0 0 0 1 1 0 1
0 1 1 0 0 0 0 0 0 1
0 0 0 0 1 1 0 0 1 0
1 0 1 0 1 0 1 0 0 0
0 0 0 1 1 1 0 0 0 0
0 0 0 0 1 0 1 1 1 0
0 1 0 0 0 0 1 1 1 0
0 0 0 1 1 1 0 1 0 0
0 1 0 0 0 0 1 1 1 0
0 1 0 0 0 0 1 1 0 1
0 1 1 0 0 1 0 0 1 0
0 1 1 0 0 0 1 0 0 1
0 0 0 0 1 1 0 1 1 0
0 1 0 0 0 0 1 1 0 1
0 0 0 0 1 1 0 0 1 0
0 0 0 0 1 1 1 0 1 0
0 1 0 0 0 0 1 1 1 0
0 0 0 0 1 1 1 0 1 0
0 1 0 0 0 0 1 1 1 0
0 0 0 0 1 1 0 1 0 1
0 1 0 0 1 1 0 1 0 0
0 0 0 0 1 1 1 0 1 0
0 0 0 0 1 0 0 1 0 1
1 1 0 0 0 1 0 0 0 0
0 0 0 0 1 0 1 1 1 0
0 1 0 0 0 1 1 0 1 0
0 0 1 0 1 0 1 0 0 1
0 0 1 0 1 0 0 0 1 0
1 0 0 0 1 1 1 0 0 0
0 0 0 0 1 0 1 1 1 0
0 0 0 1 1 1 0 0 0 0
0 0 0 0 1 1 1 1 0 1
0 0 0 1 1 1 1 0 0 0
1 1 0 0 0 1 0 0 0 0
0 0 0 0 1 0 1 1 1 0
1 1 1 0 0 0 0 0 0 0
0 1 0 0 0 0 1 1 0 1
0 0 1 0 1 1 0 0 0 1
0 1 0 1 0 0 1 1 1 0
1 0 0 0 1 0 0 1 0 0
0 1 1 1 0 0 0 0 0 0
0 0 0 0 1 1 0 0 1 0
0 0 0 1 1 0 0 1 0 0
0 0 0 0 1 0 1 1 1 0
0 0 0 0 1 0 1 1 0 1
0 1 0 0 0 0 1 1 1 0
0 0 0 0 1 1 0 0 1 0
1 1 0 0 0 1 0 0 0 0
1 1 1 0 0 0 1 0 0 0
0 1 0 0 0 1 0 0 0 1
1 0 0 0 1 1 0 0 0 0
0 0 1 0 0 0 1 0 0 1
0 0 1 0 1 0 1 0 0 1
0 0 0 0 1 0 0 1 0 1
0 1 1 1 0 0 0 0 0 0
1 0 1 0 1 0 0 0 0 0
0 0 1 0 1 0 1 0 1 0
1 1 0 1 0 1 0 0 0 0
1 1 1 0 0 0 0 0 0 0
0 1 0 0 0 0 0 1 0 1
1 1 1 0 0 0 0 0 0 1
1 1 1 0 0 0 0 0 0 0
0 0 0 0 1 0 1 1 1 0
0 0 1 1 1 0 0 0 0 0
1 0 1 0 0 0 0 0 0 0
0 0 0 0 1 0 1 1 1 0
1 1 1 0 0 0 0 0 1 0
1 1 1 0 0 0 0 0 0 0
1 0 1 0 1 0 1 0 0 0
0 0 0 0 1 0 1 1 1 0
0 0 1 1 1 0 0 0 0 0
1 1 0 0 0 1 0 0 0 0
0 1 1 1 0 0 0 0 1 0
1 1 0 0 0 1 0 0 0 0
0 0 1 0 1 0 1 0 1 0
1 1 0 0 0 1 0 0 0 0
1 0 0 1 1 1 0 0 0 0
0 1 0 1 0 1 0 0 0 0
0 1 1 0 0 1 0 0 1 0
0 1 0 1 0 0 1 0 0 0
1 0 0 1 1 0 0 1 0 0
0 1 1 1 0 0 1 0 0 0
1 1 1 0 1 0 0 0 0 0
0 0 1 1 1 0 1 0 0 0
1 1 1 0 0 0 0 0 0 0
0 1 1 0 0 0 1 0 0 1
0 0 0 0 1 0 1 1 1 0
0 1 1 1 0 1 0 1 0 0
0 1 1 1 0 0 1 0 0 0
0 0 1 0 1 0 0 1 0 1
0 0 1 0 1 0 1 0 0 1
0 1 1 1 0 0 1 0 0 0
1 1 0 0 0 1 0 0 0 0
1 0 1 0 1 0 0 0 0 0
0 0 0 1 1 0 1 1 1 0
0 1 0 0 0 1 0 0 0 1
0 1 1 0 0 0 1 0 0 1
0 0 1 1 1 0 1 0 0 0
0 0 1 0 1 0 0 0 1 0
0 1 1 1 0 0 0 0 0 0
0 0 1 1 1 0 1 0 0 0
0 1 1 0 0 0 1 0 1 0
1 0 1 0 1 0 1 0 0 0
0 0 0 0 1 0 1 1 1 0
0 0 1 0 1 0 0 0 0 1
1 0 1 0 1 0 0 0 0 0
0 0 1 1 1 0 1 0 0 0
1 1 0 0 0 1 0 0 0 0
0 1 1 0 0 0 1 0 0 1
1 1 0 1 0 0 0 1 0 0
0 1 1 1 0 0 1 0 0 0
1 1 1 0 0 0 0 0 0 1
0 1 0 0 0 1 0 0 1 0
0 0 1 0 1 0 1 0 1 0
0 0 1 0 0 0 1 0 0 1
0 1 1 1 0 0 1 0 0 0
1 0 1 1 1 0 0 0 0 0
1 0 0 1 1 0 0 0 0 0
0 0 1 1 1 0 1 0 0 0
H 10 38
0 1 0 0 0 0 0 0 0 0 1 0 0 0 1 0 0 0 1 0 1 0 0 1 0 1 0 0 0 1 0 0 0 0 0 0 0 1
0 0 0 0 0 0 0 1 0 0 0 0 0 0 0 0 0 0 0 0 0 0 0 0 0 0 0 0 0 0 0 0 0 1 0 1 0 0
0 0 0 0 0 1 0 0 1 0 1 0 1 0 0 0 0 1 0 0 0 0 0 0 0 0 1 0 0 0 1 0 0 0 0 0 0 1
0 1 1 0 0 0 0 0 0 0 1 0 0 0 0 0 0 1 1 0 0 1 0 1 0 0 0 0 0 0 0 0 0 1 0 1 0 0
0 0 0 0 0 0 1 0 0 0 0 0 0 0 0 0 0 0 0 0 0 0 0 0 0 0 0 0 0 0 0 0 0 0 0 0 0 0
0 0 1 0 1 0 0 0 1 0 0 0 1 0 1 0 0 1 0 0 0 0 0 0 0 1 0 1 0 1 0 1 0 1 0 1 1 0
0 0 1 0 0 0 0 0 0 0 0 0 0 0 0 1 0 1 0 0 0 0 0 0 0 1 0 0 0 1 0 0 0 0 0 0 0 0
1 0 1 0 1 0 0 0 0 1 0 1 1 0 0 0 0 0 0 0 0 0 0 0 0 0 0 1 0 1 0 1 0 1 0 1 1 0
1 0 1 0 0 0 0 0 0 0 0 1 0 0 0 0 0 0 0 1 0 1 0 1 0 0 0 0 0 1 0 1 0 1 0 1 0 0
1 0 1 0 0 0 0 0 0 0 0 0 0 0 0 0 0 0 1 0 1 0 1 0 0 0 0 0 0 0 0 0 0 0 0 0 0 0
