W 155 2
0 1
0 1
0 1
0 1
0 1
0 1
1 0
0 1
0 1
0 1
0 1
1 0
0 1
0 1
0 1
1 0
0 1
1 0
0 1
0 1
0 1
1 0
0 1
0 1
0 1
0 1
1 0
1 0
0 1
0 1
1 0
1 0
0 1
0 1
0 1
0 1
0 1
1 0
0 1
1 0
0 1
0 1
0 1
0 1
0 1
0 1
1 1
1 0
0 1
0 1
0 1
0 1
0 1
0 1
0 1
0 1
0 1
0 1
0 1
1 0
0 1
0 1
1 0
0 1
0 1
0 1
0 1
0 1
0 1
1 0
0 1
1 0
1 0
1 0
0 1
0 1
1 0
0 1
0 1
0 1
0 1
0 1
0 1
1 0
1 0
1 0
1 0
1 0
1 0
0 1
1 0
1 0
0 1
1 0
1 0
1 0
1 0
1 0
0 1
1 0
1 0
0 1
1 0
1 0
1 0
0 1
1 0
1 0
1 0
1 0
0 1
1 0
1 1
1 0
0 1
1 0
0 1
1 0
1 0
1 1
1 0
1 0
0 1
1 0
1 0
0 1
1 0
1 0
1 0
1 0
0 1
1 0
1 0
1 0
0 1
1 0
0 1
1 0
1 0
0 1
1 0
1 0
1 0
1 0
1 0
0 1
1 0
1 0
0 1
0 1
1 0
1 0
1 0
1 0
1 0
H 2 38
0 1 1 0 0 1 0 1 1 0 1 0 1 0 1 0 0 1 1 0 1 0 0 1 0 1 1 0 0 1 1 0 0 1 0 1 0 1
1 0 1 0 1 0 1 0 0 1 0 1 1 0 0 1 0 1 0 1 0 1 0 1 0 1 0 1 0 1 0 1 0 1 0 1 1 0
