W 148 8
0 0 0 1 1 0 0 0
1 0 1 0 0 1 0 0
0 0 0 0 0 1 0 1
1 0 0 0 0 1 0 0
0 0 0 0 1 0 0 0
1 1 0 0 0 0 1 0
0 0 1 1 0 0 0 0
0 0 1 1 0 0 0 0
1 1 0 1 0 0 0 0
0 1 0 0 1 0 1 0
0 1 0 0 1 0 0 1
1 0 0 0 0 1 1 0
0 0 1 1 0 0 0 0
0 0 0 0 1 0 0 0
0 0 0 1 0 0 0 1
0 1 0 0 0 1 1 0
0 0 1 0 0 1 1 0
0 1 1 0 0 0 0 0
0 0 0 0 1 0 0 0
1 1 1 0 0 0 1 0
0 0 0 0 1 0 0 0
1 0 0 0 0 0 1 0
0 0 1 0 0 1 0 0
0 0 1 1 0 0 0 0
0 0 0 1 0 0 0 0
1 0 0 0 0 0 1 0
1 0 0 0 0 1 0 0
1 0 0 0 1 0 0 0
0 0 1 0 1 0 0 0
0 0 0 1 1 0 0 0
0 0 0 0 0 1 1 0
1 1 0 0 0 0 1 0
0 1 0 1 1 0 0 0
0 0 1 0 0 0 0 0
1 0 0 0 0 1 1 0
1 1 0 0 0 0 1 1
0 0 0 0 0 0 0 1
0 0 0 0 0 1 0 0
1 1 0 0 0 0 1 0
0 1 0 0 1 0 0 0
0 1 0 0 1 0 1 0
1 1 0 1 0 0 0 1
0 0 0 0 0 0 1 1
1 0 1 0 0 0 1 0
0 0 0 0 1 1 0 1
0 1 0 1 1 0 0 0
0 0 0 0 1 0 1 1
0 0 0 0 0 0 0 0
0 0 1 0 0 0 1 1
0 1 1 0 1 0 0 0
0 1 0 0 0 0 0 0
0 0 0 1 1 1 0 0
0 0 1 0 0 0 0 0
0 1 0 0 0 0 1 1
0 1 1 0 0 0 0 1
0 0 0 0 1 0 1 0
1 1 0 1 0 0 0 0
0 0 1 0 0 1 0 0
0 0 0 0 0 1 0 1
1 1 0 0 0 0 1 1
1 0 0 0 0 0 0 0
0 0 0 0 1 0 0 1
0 0 0 0 1 1 0 0
0 0 1 0 0 0 0 0
0 1 1 0 1 0 0 0
1 0 0 0 0 0 0 0
0 1 0 0 0 1 0 0
1 0 1 0 0 1 0 1
0 0 1 0 0 0 0 0
1 1 0 1 0 0 0 0
1 0 0 0 0 1 1 0
0 0 0 1 1 0 0 0
0 0 0 0 0 0 1 1
1 0 0 0 0 0 1 0
0 1 0 1 1 0 0 0
1 0 1 0 0 1 0 1
0 0 1 0 1 0 0 0
0 0 0 0 0 0 1 0
0 0 0 0 0 0 0 0
1 0 0 1 0 0 0 0
1 1 0 0 0 1 1 0
0 0 1 0 0 0 1 0
1 1 0 1 0 0 0 0
1 1 0 0 0 1 0 1
0 0 0 0 0 1 0 0
0 1 0 1 1 1 0 0
0 1 1 0 0 0 1 0
0 1 1 1 0 0 0 0
1 1 0 0 0 1 0 0
0 0 0 1 0 0 0 0
0 0 0 0 1 0 0 1
0 1 1 0 0 0 0 1
1 0 1 0 0 0 1 1
0 1 0 0 1 0 0 0
1 1 0 0 0 0 0 0
0 1 0 1 1 0 0 0
0 0 1 0 0 0 1 0
0 0 1 1 0 0 0 0
0 0 1 0 0 0 0 0
0 0 1 0 1 0 0 0
1 1 0 0 0 1 0 0
0 1 0 0 1 0 1 0
0 1 0 1 1 0 0 0
0 0 0 0 1 0 0 1
1 0 0 0 0 0 0 0
0 1 0 0 0 1 0 0
1 0 1 0 0 0 1 0
0 1 0 0 0 1 0 0
0 0 1 0 0 0 0 0
0 1 1 0 0 0 1 0
0 0 0 0 0 0 1 0
0 0 0 0 0 1 0 0
0 1 0 1 1 0 0 0
0 1 1 1 0 0 0 0
0 0 0 0 1 0 0 0
0 0 1 0 1 0 0 0
0 0 0 0 1 0 0 0
0 0 0 0 1 0 1 1
1 1 0 1 0 0 0 0
1 0 0 0 0 1 0 0
0 1 1 0 1 0 0 0
0 1 1 1 0 0 0 0
0 1 1 0 1 0 0 1
0 0 0 0 0 0 1 0
0 0 1 0 0 0 0 0
1 0 0 1 0 0 0 0
1 1 1 0 0 0 1 0
0 1 1 0 1 0 0 0
0 1 0 1 1 0 0 0
1 0 1 0 1 1 0 0
0 1 1 1 0 0 0 0
0 0 0 0 0 1 0 1
1 0 0 1 0 0 0 0
0 0 1 0 0 0 1 0
0 1 0 0 1 1 0 0
0 0 0 0 1 0 1 1
0 0 0 0 1 0 0 0
1 1 0 0 0 0 0 0
0 1 1 0 0 0 1 0
0 0 0 0 0 0 0 0
0 1 1 0 0 0 1 0
0 1 0 0 1 0 0 0
0 1 0 0 0 1 1 0
0 0 1 0 1 0 0 1
0 1 0 0 0 0 0 0
1 1 0 0 0 1 1 0
0 1 0 0 1 0 0 0
1 1 0 0 0 1 0 1
H 8 44
0 0 0 0 1 0 0 0 0 1 0 0 0 0 0 0 0 0 0 0 0 0 0 0 0 0 0 0 0 0 0 0 1 0 0 0 0 0 0 0 0 1 1 1
0 1 0 0 1 0 0 0 0 0 0 0 0 0 0 0 0 0 0 0 0 0 0 0 0 0 0 0 0 0 0 0 0 0 0 0 0 0 0 0 0 0 0 1
0 0 0 0 1 0 0 0 1 0 0 0 0 0 0 0 0 0 0 0 1 0 0 0 0 0 0 0 0 0 0 1 0 1 0 1 0 0 0 0 0 0 0 0
0 0 0 0 0 0 0 0 0 0 0 0 1 0 0 1 0 0 0 1 0 0 0 0 0 0 0 0 0 1 0 0 0 0 0 0 0 0 0 0 0 1 0 0
0 0 0 0 1 0 0 0 1 0 0 0 1 0 0 0 0 0 0 0 0 0 0 0 0 0 0 0 0 0 0 0 0 1 0 0 0 0 0 0 0 1 1 1
0 0 0 0 1 0 0 0 0 0 0 0 0 1 0 0 0 1 0 0 0 0 0 0 0 0 0 0 0 0 0 0 1 0 0 1 0 0 0 1 0 1 1 1
0 0 0 0 1 0 0 0 0 0 0 0 0 1 0 0 1 0 0 0 1 0 0 0 0 0 0 0 0 0 0 0 1 1 0 0 0 0 0 0 0 0 0 0
0 0 0 0 0 0 0 0 0 0 0 0 0 0 0 0 0 0 0 0 0 0 0 0 0 0 0 0 0 0 0 0 0 0 0 1 1 0 1 1 0 0 0 1
