W 148 3
0 1 0
1 0 0
1 0 0
1 0 0
0 1 0
1 0 1
0 1 1
1 1 0
0 1 0
0 1 1
0 1 1
1 0 0
0 1 0
1 0 0
1 0 0
1 0 1
1 0 1
0 1 1
0 1 0
1 0 1
0 1 0
1 0 0
1 0 0
0 1 0
0 0 0
1 0 1
1 0 0
1 0 0
0 1 1
0 1 0
1 0 1
0 1 1
0 1 0
0 1 1
1 0 0
1 0 1
0 0 0
1 0 0
1 0 0
0 1 0
1 1 1
1 1 0
0 0 1
1 0 1
1 0 0
0 1 0
0 0 1
0 0 0
0 0 1
0 1 1
0 1 0
1 1 0
0 0 1
1 0 0
0 0 1
1 0 1
0 1 0
1 0 1
1 0 0
1 0 1
0 1 0
0 1 1
1 0 0
0 0 1
0 1 1
1 0 0
1 0 0
1 0 0
0 1 0
0 1 0
1 0 1
0 1 0
1 0 1
1 0 0
0 1 0
1 0 0
0 1 1
1 0 1
0 0 0
1 0 0
1 0 0
0 0 1
0 1 0
1 0 0
1 0 0
1 1 0
0 0 1
0 1 1
1 0 0
0 1 0
1 0 0
0 0 1
1 0 1
0 1 0
0 1 0
0 1 0
0 0 1
1 1 0
0 0 1
0 0 1
1 0 0
0 1 1
0 1 0
0 0 1
1 0 0
1 0 0
1 0 1
1 0 0
1 0 0
1 0 1
0 0 1
1 0 0
0 1 0
0 1 0
0 1 0
0 1 0
0 1 0
1 0 1
0 1 0
1 0 0
0 1 0
0 1 0
0 1 1
0 0 1
0 0 1
1 0 0
0 0 1
0 1 1
0 1 0
1 0 0
1 0 0
1 0 0
1 0 0
1 0 1
1 1 0
1 0 1
0 1 0
1 0 0
0 0 1
0 0 0
0 0 1
0 1 0
1 0 1
1 0 1
0 1 0
1 0 1
0 1 0
1 0 0
H 3 44
0 0 0 0 1 0 0 0 0 0 0 0 0 1 0 0 0 0 0 0 0 0 0 0 0 0 0 0 0 0 0 0 1 1 0 1 0 0 0 1 0 1 1 1
0 1 0 0 1 0 0 0 1 0 0 0 1 0 0 1 0 0 0 0 0 0 0 0 0 0 0 0 0 0 0 0 0 1 0 0 0 0 0 0 0 1 1 1
0 0 0 0 1 0 0 0 1 0 0 0 0 0 0 0 1 0 0 0 1 0 0 0 0 0 0 0 0 0 0 0 0 1 0 1 0 0 0 0 0 0 0 1
