W 148 5
0 1 0 0 0
1 0 0 1 0
1 0 0 1 0
1 0 0 0 0
0 0 1 0 0
1 0 1 0 0
0 1 0 0 1
0 1 0 0 0
0 1 1 0 0
0 1 0 0 0
0 0 1 1 0
1 0 0 1 0
0 1 0 0 0
1 1 0 0 0
0 0 0 1 0
1 0 1 0 1
1 0 0 0 1
0 1 1 0 1
0 1 1 0 0
0 0 1 0 1
0 1 1 0 0
1 0 0 0 0
0 0 0 1 0
0 1 0 0 0
0 0 0 0 0
1 0 0 0 0
1 0 0 0 0
1 0 0 0 0
0 1 1 0 1
0 0 1 0 0
1 0 0 0 1
1 0 1 0 0
0 0 1 0 0
0 1 0 0 0
1 0 0 1 0
1 0 1 1 0
0 0 0 0 0
1 0 0 0 0
1 0 1 0 0
0 1 1 0 0
0 1 1 0 0
0 1 1 1 0
1 0 0 1 0
1 0 0 0 1
0 1 0 1 0
0 1 1 0 0
0 1 0 1 0
0 0 1 0 0
0 0 0 0 1
0 1 1 1 0
0 0 1 0 0
0 1 0 0 0
0 1 0 0 0
1 0 1 1 0
0 0 1 1 1
0 1 0 0 0
1 0 1 0 0
1 1 0 1 0
1 0 0 1 0
1 0 1 1 0
0 1 1 0 0
0 1 0 1 0
1 0 0 0 0
0 0 0 0 1
0 0 1 0 1
1 0 0 0 0
1 0 1 0 0
1 0 0 1 0
0 0 1 0 1
0 1 1 0 0
1 0 0 0 1
0 1 0 0 0
1 0 0 1 0
1 0 0 0 0
0 1 0 0 0
1 0 0 1 0
0 1 0 1 0
0 0 0 0 1
0 0 0 0 0
1 1 0 0 0
1 0 1 0 0
0 0 0 0 1
0 1 1 0 0
1 0 1 1 0
1 0 0 0 0
0 1 1 1 0
0 0 1 0 1
0 1 1 0 0
1 0 1 0 0
0 1 0 0 0
0 1 0 1 0
0 0 0 0 1
0 0 0 1 1
0 0 1 0 0
1 0 1 0 0
0 1 1 0 0
0 0 0 0 1
0 1 0 0 1
0 0 0 0 1
0 1 0 1 0
1 0 1 0 0
0 1 1 0 1
0 1 1 0 0
0 1 0 1 0
1 0 0 0 0
1 0 1 0 0
0 0 1 0 1
1 0 1 0 0
0 0 0 0 1
0 0 1 0 1
0 0 0 0 1
1 0 0 0 0
0 1 0 0 0
0 1 1 0 0
0 1 0 0 0
0 1 0 1 0
0 1 0 0 0
0 1 0 1 0
1 1 1 0 0
1 0 0 1 0
0 0 1 0 0
0 1 1 0 0
0 1 1 1 0
0 0 0 0 1
0 0 0 0 1
1 1 0 0 0
0 0 1 0 1
0 1 1 0 1
0 1 1 0 0
0 0 0 1 0
0 0 1 0 0
1 0 0 1 0
1 0 0 0 0
0 0 0 0 1
0 1 1 0 0
0 0 0 1 1
0 1 0 0 0
1 0 1 0 0
0 0 1 0 1
0 0 0 0 0
0 0 1 0 1
0 1 1 0 0
1 0 1 0 1
0 1 0 1 0
0 0 1 0 0
1 0 1 0 1
0 1 1 0 0
1 0 1 1 0
H 5 44
0 0 0 0 1 0 0 0 0 1 0 0 0 1 0 0 0 0 0 0 0 0 0 0 0 0 0 0 0 0 0 0 1 1 0 0 0 0 0 1 0 1 1 1
0 0 0 0 1 0 0 0 1 0 0 0 1 0 0 1 0 0 0 0 0 0 0 0 0 0 0 0 0 0 0 0 0 1 0 0 0 0 0 0 0 1 0 0
0 1 0 0 1 0 0 0 0 0 0 0 0 0 0 0 0 0 0 0 0 0 0 0 0 0 0 0 0 0 0 0 0 1 0 0 0 0 0 0 0 0 1 1
0 0 0 0 1 0 0 0 0 0 0 0 0 0 0 0 0 1 0 0 1 0 0 0 0 0 0 0 0 0 0 0 0 1 0 1 1 0 1 1 0 1 1 1
0 0 0 0 1 0 0 0 1 0 0 0 0 1 0 0 1 0 0 0 1 0 0 0 0 0 0 0 0 0 0 1 0 1 0 1 0 0 0 0 0 0 0 0
