W 148 2
0 1
1 0
1 0
1 0
0 1
1 0
1 1
1 1
0 1
0 1
1 1
1 0
0 1
1 0
1 0
1 1
1 0
1 1
0 1
1 0
0 1
1 0
1 0
0 1
0 0
1 0
1 0
0 1
0 1
0 1
1 0
0 1
0 1
0 0
1 0
1 0
0 0
1 0
1 0
0 1
1 1
1 1
1 0
1 0
1 1
0 1
1 1
0 0
1 0
0 1
0 1
1 1
0 1
1 0
1 1
0 1
0 1
1 0
1 0
1 0
0 1
1 0
1 0
1 0
0 1
0 1
1 0
1 0
0 1
0 1
1 0
0 1
1 0
1 0
0 1
1 0
0 1
1 0
0 0
1 0
1 0
1 0
0 1
1 0
1 0
1 1
1 1
1 1
1 0
0 0
1 0
1 1
1 0
0 1
0 1
0 1
1 1
1 1
0 0
1 1
1 0
1 1
0 1
1 1
1 0
1 0
1 0
1 0
0 0
1 1
1 1
1 0
0 1
0 1
0 1
0 1
0 1
1 1
0 1
1 0
0 1
0 1
1 1
1 0
1 1
1 0
1 0
1 1
0 1
1 0
1 0
1 0
0 1
1 0
1 1
1 0
0 1
1 0
1 1
0 0
1 1
0 1
1 1
1 1
0 1
1 0
0 1
1 0
H 2 44
0 0 0 0 1 0 0 0 0 0 0 0 0 1 0 0 0 0 0 0 1 0 0 0 0 0 0 0 0 0 0 0 1 1 0 1 0 0 0 1 0 1 1 1
0 1 0 0 1 0 0 0 1 0 0 0 1 0 0 0 0 0 0 0 0 0 0 0 0 0 0 0 0 0 0 0 0 1 0 0 0 0 0 0 0 1 1 1
