W 148 10
0 0 0 0 1 0 0 0 0 1
1 1 0 0 0 1 0 1 0 0
0 0 1 0 0 1 0 1 1 0
0 1 0 1 0 0 0 1 0 0
0 0 0 0 0 1 0 1 0 1
0 0 1 0 0 0 1 0 0 0
1 0 0 0 1 0 1 0 0 0
1 0 0 0 1 0 0 1 0 0
0 0 0 1 1 0 1 0 0 0
0 0 1 0 0 0 1 0 0 1
0 0 0 0 0 1 1 0 1 0
0 1 1 0 0 1 0 0 0 0
1 0 0 0 1 0 0 0 0 0
0 0 0 0 1 1 0 0 0 0
0 0 0 0 1 1 0 1 1 0
1 0 1 0 0 1 1 0 0 0
1 0 1 0 0 1 0 1 0 0
1 0 0 0 0 0 1 0 0 1
0 0 0 0 1 1 0 1 0 1
1 0 1 0 0 1 1 0 0 0
0 0 0 1 0 0 0 1 0 1
0 1 1 0 0 1 0 0 0 0
1 1 0 0 0 1 0 0 0 0
1 0 0 0 1 0 0 1 0 0
0 0 0 1 1 0 0 1 0 0
0 1 1 0 1 1 0 1 0 0
0 1 0 1 0 1 0 0 0 0
0 0 0 0 1 1 0 0 0 0
1 0 0 0 1 1 0 0 0 0
0 0 0 0 0 1 0 1 0 1
0 0 1 0 0 1 0 0 0 0
0 0 1 0 1 1 1 0 0 0
0 0 0 0 1 1 1 0 0 1
1 0 0 0 0 0 1 0 0 0
0 1 1 0 0 1 0 0 1 0
0 0 1 0 0 0 1 0 1 0
0 0 0 0 0 1 0 1 0 0
0 1 0 1 0 0 0 1 0 0
0 1 1 0 0 1 1 0 0 0
0 0 0 0 1 1 1 0 0 1
0 0 1 0 0 0 1 0 0 1
0 0 0 1 1 0 1 0 1 0
0 1 1 0 0 0 0 1 1 0
1 0 1 0 0 1 0 0 0 0
0 0 0 1 0 0 0 1 1 1
0 0 0 0 1 1 1 0 0 1
0 0 1 0 0 0 0 1 1 1
0 0 0 0 0 1 0 0 0 0
1 0 1 0 0 0 0 1 1 0
1 0 0 0 1 1 1 0 0 0
0 0 0 0 0 1 1 0 0 0
0 0 0 0 1 0 0 1 0 1
1 0 0 0 0 0 0 1 0 1
0 1 1 0 0 0 1 0 1 0
1 0 0 0 0 0 1 0 1 1
0 0 1 0 0 1 0 0 0 1
0 0 0 1 1 1 1 0 0 0
0 0 1 0 0 1 0 0 1 0
0 0 0 1 0 0 0 0 1 0
0 0 1 0 0 1 1 0 1 0
0 0 0 1 1 0 0 0 0 0
0 1 0 0 1 1 0 1 1 0
0 0 0 1 0 1 0 1 0 0
1 0 0 0 0 0 0 0 0 0
1 0 0 0 0 1 1 0 0 1
0 0 0 1 0 0 0 0 0 0
0 0 0 1 0 0 1 0 0 0
1 1 0 0 0 1 0 1 1 0
1 0 0 0 0 0 1 0 0 0
0 0 0 1 1 0 1 0 0 0
0 1 1 0 0 1 0 1 0 0
0 0 0 0 0 0 0 1 0 1
0 0 1 0 0 1 0 0 1 0
0 0 1 0 0 1 0 1 0 0
0 0 0 0 0 0 1 0 0 1
1 1 0 0 0 1 0 0 1 0
1 0 0 0 1 1 0 0 0 0
0 0 1 0 0 0 0 1 0 0
0 0 0 0 0 0 0 0 0 0
0 0 0 0 1 1 0 1 0 0
0 1 1 0 0 1 1 0 0 0
1 0 0 0 0 0 0 0 0 0
0 0 0 1 1 0 1 0 0 0
0 1 0 1 0 0 1 0 1 0
0 0 0 1 0 1 0 0 0 0
0 0 0 1 0 0 1 0 1 1
1 0 1 0 0 0 1 0 0 0
1 0 0 0 1 0 1 0 0 1
0 1 0 1 0 1 1 0 0 0
0 0 0 0 1 0 0 1 0 0
0 0 0 0 1 1 0 0 1 0
1 0 0 0 0 0 1 0 1 0
1 0 1 0 0 1 0 1 1 0
0 0 0 0 0 1 1 0 0 0
0 0 0 1 0 0 1 0 0 0
0 0 0 1 0 0 1 0 0 1
1 0 0 0 0 0 0 1 0 0
1 1 0 0 0 0 1 0 0 0
1 0 0 0 0 0 0 1 0 0
1 0 0 0 0 1 0 1 0 1
0 1 0 1 0 1 1 0 0 0
0 0 1 0 0 1 1 0 0 1
0 0 0 0 1 1 1 0 0 1
0 0 0 0 0 1 0 1 1 1
0 1 0 0 0 1 0 0 0 0
0 0 0 1 0 0 1 0 0 0
1 0 1 0 0 1 0 1 0 0
0 0 0 1 0 0 1 0 0 0
1 1 0 0 0 0 0 1 0 0
1 0 1 0 0 0 1 0 0 0
0 0 1 0 0 0 1 0 0 0
0 0 0 1 0 0 0 0 0 0
0 0 0 0 1 0 1 0 0 1
0 0 0 0 1 0 1 0 0 1
0 0 0 1 0 0 0 1 0 1
1 0 0 0 1 1 0 1 0 0
0 0 0 0 1 1 0 0 0 0
0 0 1 0 0 1 0 0 1 1
0 1 0 1 1 0 1 0 0 0
0 1 0 1 0 1 0 0 1 0
1 0 0 0 0 1 1 0 0 1
1 0 0 0 1 0 1 0 0 1
1 0 0 0 0 1 1 0 1 1
0 0 1 0 0 0 0 1 0 0
1 0 0 0 0 0 0 0 0 1
0 0 0 1 1 0 0 1 0 0
1 0 1 0 0 0 1 0 0 0
1 1 0 0 0 0 1 0 0 1
0 0 0 0 1 1 1 0 0 1
1 1 0 0 0 1 0 1 0 1
1 0 1 0 0 0 1 0 0 0
0 0 0 1 0 0 0 0 1 0
0 0 0 1 1 0 0 0 0 0
1 0 1 0 0 1 0 1 0 0
0 0 0 1 0 0 1 0 0 1
0 0 1 0 0 1 0 1 1 0
0 0 0 0 0 0 0 0 0 1
0 1 0 1 0 0 1 0 0 0
1 0 1 0 0 0 1 0 0 0
0 0 0 0 0 0 0 1 0 0
1 0 0 0 0 1 1 0 0 0
0 0 0 0 1 0 1 0 0 1
1 0 1 0 0 1 1 0 0 0
1 0 0 0 0 1 0 1 1 1
0 0 0 0 0 1 1 0 0 0
0 1 1 0 0 1 1 0 0 0
0 0 0 1 0 0 1 0 0 1
0 1 0 1 0 0 1 0 1 0
H 10 44
0 0 0 0 1 0 0 0 1 0 0 0 0 0 0 0 0 0 0 0 1 0 0 0 0 0 0 0 0 0 0 1 0 1 0 1 0 0 0 0 0 0 0 0
0 0 0 0 1 0 0 0 0 1 0 0 0 1 0 0 0 0 0 0 0 0 0 0 0 1 0 0 0 0 0 0 0 0 0 0 0 0 0 1 0 1 0 0
0 0 0 0 1 0 0 0 0 0 0 0 0 1 0 0 1 0 0 0 1 0 0 0 0 0 0 0 0 0 0 0 1 1 0 0 0 0 0 0 0 1 0 1
0 0 0 0 1 0 0 0 0 0 0 0 0 0 0 0 0 1 0 1 0 0 0 0 0 0 0 0 0 0 0 0 1 0 1 0 0 0 0 0 0 1 1 1
0 0 0 0 1 0 0 0 0 0 0 0 1 0 0 1 0 0 0 0 0 0 0 0 0 0 0 0 0 1 0 0 0 0 0 0 0 0 0 0 0 1 0 0
0 0 0 0 0 0 0 0 0 0 0 0 0 0 0 0 0 0 0 0 0 0 0 0 0 0 0 0 0 0 0 0 0 1 0 0 0 0 0 0 0 0 1 1
0 1 0 0 1 0 0 0 0 0 0 0 0 0 0 0 0 0 0 0 0 0 0 0 0 0 0 0 0 0 0 0 0 0 0 0 0 0 0 0 0 0 0 0
0 0 1 0 0 0 0 0 0 0 0 0 0 0 0 0 0 0 0 0 0 0 0 0 0 0 0 0 0 0 0 0 0 0 0 0 0 0 0 0 0 0 0 0
0 0 0 0 0 0 0 0 0 0 0 0 0 0 0 0 0 0 0 0 0 0 0 0 0 0 0 0 0 0 0 0 0 0 0 1 1 0 1 1 0 0 0 0
0 0 0 0 1 0 0 0 1 0 0 0 1 0 0 0 0 0 0 0 0 0 0 0 0 0 0 0 0 0 0 0 0 1 0 0 0 0 0 0 0 0 0 1
