W 148 7
0 0 1 0 0 0 1
1 0 0 0 0 1 0
0 1 0 1 0 0 0
1 0 0 0 0 0 0
0 0 1 0 0 0 0
0 1 0 0 1 0 0
0 0 0 0 0 1 1
0 0 0 0 0 1 1
0 0 0 0 1 0 1
0 1 1 0 1 0 0
0 0 1 1 1 0 0
1 1 0 0 0 0 0
0 0 0 0 0 1 1
0 0 1 0 0 0 0
0 0 0 1 0 0 1
0 1 0 0 1 1 0
0 1 0 0 0 1 0
0 0 0 0 1 1 0
0 0 1 0 0 0 0
0 1 0 0 1 1 0
0 0 1 0 0 0 0
1 1 0 0 0 0 0
1 0 0 0 0 1 0
0 0 0 0 0 1 1
0 0 0 0 0 0 1
1 1 0 0 0 0 0
1 0 0 0 0 0 0
1 0 1 0 0 0 0
0 0 1 0 0 1 0
0 0 1 0 0 0 1
0 1 0 0 0 0 0
0 1 0 0 1 0 0
0 0 1 0 1 0 1
0 0 0 0 0 1 0
1 1 0 1 0 0 0
0 1 0 1 1 0 0
0 0 0 1 0 0 0
1 0 0 0 0 0 0
0 1 0 0 1 0 0
0 0 1 0 1 0 0
0 1 1 0 1 0 0
0 0 0 1 1 0 1
0 1 0 1 0 0 0
0 1 0 0 0 1 0
0 0 0 1 0 0 0
0 0 1 0 1 0 1
0 1 1 1 0 0 0
0 0 0 0 0 0 0
0 0 0 1 0 1 0
0 0 1 0 1 1 0
0 0 0 0 1 0 0
0 0 1 0 0 0 1
0 0 0 0 0 1 0
1 1 0 1 1 0 0
0 0 0 1 1 1 0
0 1 1 0 0 0 0
1 0 0 0 1 0 1
0 1 0 1 0 0 0
1 0 0 1 0 0 0
0 1 0 1 1 0 0
0 0 1 0 0 0 0
0 0 1 1 0 0 0
1 0 1 0 0 0 0
0 0 0 0 0 1 0
0 0 1 0 1 1 0
1 0 0 0 0 0 0
1 0 0 0 1 0 0
1 0 0 1 0 1 0
0 0 0 0 0 1 0
0 0 0 0 1 0 1
1 1 0 0 0 0 0
0 0 1 0 0 0 1
0 1 0 1 0 0 0
0 1 0 0 0 0 0
0 0 1 0 1 0 1
1 0 0 1 0 1 0
0 0 1 0 0 1 0
0 1 0 0 0 0 0
0 0 0 0 0 0 0
0 0 1 0 0 0 1
1 1 0 0 1 0 0
0 0 0 0 0 1 0
0 0 0 0 1 0 1
1 0 0 1 1 0 0
1 0 0 0 0 0 0
0 0 1 1 1 0 1
0 1 0 0 1 1 0
0 0 0 0 1 1 1
1 0 0 0 1 0 0
0 0 0 0 0 0 1
0 0 1 1 0 0 0
0 0 0 1 1 1 0
0 1 0 1 0 1 0
0 0 1 0 1 0 0
1 0 0 0 1 0 0
0 0 1 0 1 0 1
0 0 0 0 0 1 0
0 0 0 0 0 1 1
0 0 0 0 0 1 0
0 0 1 0 0 1 0
1 0 0 0 1 0 0
0 1 1 0 1 0 0
0 0 1 0 1 0 1
0 0 1 1 0 0 0
0 0 1 0 0 0 1
1 0 0 0 1 0 0
0 1 0 0 0 1 0
1 0 0 0 1 0 0
0 0 0 0 0 1 0
0 1 0 0 1 1 0
0 1 0 0 1 0 0
1 0 0 0 0 0 0
0 0 1 0 1 0 1
0 0 1 0 1 0 1
0 0 1 0 0 0 0
0 0 1 0 0 1 0
0 0 1 0 0 0 0
0 1 1 1 0 0 0
0 0 0 0 1 0 1
1 0 0 1 0 0 0
0 0 1 0 1 1 0
0 0 0 0 1 1 1
0 0 1 1 1 1 0
0 1 0 0 0 0 0
0 0 0 0 0 1 0
1 0 0 0 0 0 1
0 1 0 0 1 1 0
0 0 1 0 1 1 0
0 0 1 0 1 0 1
1 0 1 0 0 1 0
0 0 0 0 1 1 1
1 0 0 1 0 0 0
1 0 0 0 0 0 1
0 1 0 0 0 1 0
1 0 1 0 1 0 0
0 1 0 1 0 0 0
0 0 1 0 0 0 0
1 0 0 0 1 0 0
0 1 0 0 1 1 0
0 0 0 0 0 0 0
0 1 0 0 1 1 0
0 0 1 0 1 0 0
0 1 0 0 1 1 0
0 0 1 1 0 1 0
0 0 0 0 1 0 0
1 1 0 0 1 0 0
0 0 1 0 1 0 0
1 0 0 1 1 0 0
H 7 44
0 0 0 0 1 0 0 0 0 1 0 0 0 1 0 0 0 1 0 0 0 0 0 0 0 0 0 0 0 0 0 0 1 0 0 0 0 0 0 1 0 1 1 1
0 0 0 0 1 0 0 0 0 0 0 0 0 1 0 0 1 0 0 0 1 0 0 0 0 0 0 0 0 0 0 0 1 1 0 0 0 0 0 0 0 1 1 1
0 0 0 0 1 0 0 0 1 0 0 0 1 0 0 0 0 0 0 0 0 0 0 0 0 0 0 0 0 0 0 0 0 1 0 0 0 0 0 0 0 1 1 1
0 0 0 0 0 0 0 0 0 0 0 0 0 0 0 0 0 0 0 0 0 0 0 0 0 0 0 0 0 0 0 0 0 0 0 1 1 0 1 1 0 0 0 1
0 1 0 0 1 0 0 0 0 0 0 0 0 0 0 0 0 0 0 0 0 0 0 0 0 0 0 0 0 0 0 0 0 0 0 0 0 0 0 0 0 0 0 1
0 0 0 0 1 0 0 0 1 0 0 0 0 0 0 0 0 0 0 0 1 0 0 0 0 0 0 0 0 0 0 1 0 1 0 1 0 0 0 0 0 0 0 0
0 0 0 0 0 0 0 0 0 0 0 0 1 0 0 1 0 0 0 1 0 0 0 0 0 0 0 0 0 1 0 0 0 0 0 0 0 0 0 0 0 1 0 0
