W 148 4
0 1 0 0
0 0 0 1
0 0 0 1
0 0 0 1
1 0 0 0
1 0 1 0
0 1 1 0
0 1 0 0
1 1 0 0
1 0 1 0
1 0 0 1
0 0 0 1
0 1 0 0
1 0 0 0
0 0 0 1
1 0 1 0
1 0 1 0
0 0 1 0
1 0 0 0
0 0 1 0
1 0 0 0
0 0 0 1
0 0 0 1
0 1 0 0
1 1 0 0
1 0 0 0
0 0 0 1
1 0 0 0
1 0 1 0
1 1 0 0
0 0 0 1
1 0 0 0
0 1 0 0
0 1 0 0
0 0 0 1
0 0 1 1
0 0 0 1
0 0 0 1
1 0 0 0
1 1 0 0
1 0 1 0
0 1 0 1
1 0 0 0
1 0 1 0
1 0 0 1
1 1 0 0
1 0 1 0
0 0 0 0
0 0 1 0
1 0 1 0
1 1 0 0
1 1 0 0
1 0 0 0
0 0 0 1
0 0 1 0
1 0 0 0
1 1 0 0
0 0 0 1
0 0 0 1
0 0 1 1
1 0 0 0
1 0 0 1
1 0 0 0
0 0 1 0
1 0 1 0
1 0 0 0
1 0 0 0
0 0 0 1
0 0 1 0
1 1 0 0
0 0 0 1
0 1 0 0
0 0 0 1
1 0 0 0
0 1 0 0
0 0 0 1
1 0 1 0
0 0 1 0
0 0 0 0
1 0 0 0
0 0 0 1
0 0 1 0
1 1 0 0
0 0 0 1
0 0 0 1
0 1 0 1
0 0 1 0
1 1 0 0
0 0 0 1
0 1 0 0
1 0 0 1
0 0 1 0
0 0 1 1
1 0 0 0
1 0 0 0
1 1 0 0
0 0 1 0
0 1 1 0
0 0 1 0
1 0 0 1
0 0 0 1
1 0 1 0
0 1 0 0
1 0 0 1
1 0 0 0
0 0 0 1
1 0 1 0
0 0 0 1
0 0 1 0
1 0 1 0
0 0 1 0
0 0 0 1
0 1 0 0
0 1 0 0
1 0 0 0
1 0 0 0
1 0 0 0
1 0 1 0
1 1 0 0
0 0 0 1
1 0 0 0
0 1 0 0
1 0 1 1
0 0 1 0
0 0 1 0
1 0 0 0
0 0 1 0
1 0 1 0
1 1 0 0
1 0 0 1
0 1 1 0
0 0 0 1
1 0 0 0
0 0 1 0
1 0 0 1
0 0 1 1
1 0 0 0
1 1 0 0
0 0 1 0
0 0 0 0
0 0 1 0
0 1 0 0
1 0 1 0
1 0 1 1
1 0 0 0
1 0 1 0
1 1 0 0
0 0 0 1
H 4 44
0 0 0 0 1 0 0 0 0 0 0 0 1 0 0 0 0 0 0 0 0 0 0 0 0 0 0 0 0 0 0 0 1 1 0 0 0 0 0 0 0 1 1 1
0 1 0 0 1 0 0 0 1 0 0 0 1 0 0 1 0 0 0 1 0 0 0 0 0 0 0 0 0 1 0 0 0 1 0 0 0 0 0 0 0 1 0 0
0 1 0 0 1 0 0 0 1 0 0 0 0 1 0 0 1 0 0 0 1 0 0 0 0 0 0 0 0 0 0 1 0 1 0 1 0 0 0 0 0 0 0 0
0 0 0 0 1 0 0 0 0 0 0 0 0 1 0 0 0 1 0 0 0 0 0 0 0 0 0 0 0 0 0 0 1 1 0 1 0 0 1 1 0 1 1 1
