W 339 10
0 0 1 0 0 0 0 0 0 0
0 0 1 0 1 0 1 0 0 0
1 0 0 0 0 0 1 0 1 0
1 0 0 0 0 0 1 0 1 0
1 0 0 0 0 0 1 0 1 0
1 0 0 0 0 0 1 0 1 0
0 0 0 1 0 0 0 0 1 1
0 0 0 1 0 0 0 0 1 1
0 0 0 1 0 0 0 0 0 1
0 0 0 1 0 0 0 0 1 1
0 0 0 1 0 0 1 0 1 1
0 0 0 1 0 0 0 0 1 1
0 0 0 1 0 0 0 0 1 1
0 0 0 1 0 0 0 0 1 1
0 0 0 1 1 0 1 0 0 1
0 0 0 1 1 0 0 0 0 1
0 0 0 1 0 0 1 0 0 1
0 0 1 1 0 0 1 0 0 0
0 0 1 1 0 0 0 0 1 0
0 0 1 1 0 0 1 0 0 0
0 0 1 1 0 0 1 0 1 0
0 0 1 1 1 0 1 0 0 0
0 0 1 1 0 0 0 0 0 0
0 1 1 1 0 0 1 1 0 0
0 0 1 1 0 0 0 0 0 0
0 0 1 1 0 0 0 0 0 0
0 0 1 1 0 0 1 0 1 0
0 1 1 1 0 0 0 1 0 0
0 0 0 1 1 0 1 1 0 1
0 0 1 1 0 0 0 0 0 0
0 1 1 1 1 0 1 1 1 0
0 0 1 1 0 0 1 0 1 0
0 0 1 1 1 0 1 1 1 0
0 0 1 1 0 0 1 0 1 0
0 1 1 1 0 0 1 1 1 0
0 0 1 1 1 0 1 0 1 0
0 0 1 1 1 0 1 1 0 0
0 0 1 1 1 0 1 1 0 0
0 0 1 1 1 0 0 0 0 0
0 0 1 1 0 0 1 1 0 0
0 1 1 1 1 0 1 0 0 0
0 1 1 1 0 0 1 1 0 0
0 0 1 1 0 0 1 0 0 0
0 0 1 1 0 0 0 0 0 0
0 0 1 1 0 0 1 1 0 1
0 0 1 1 0 0 1 0 0 0
0 0 1 1 0 0 1 0 0 0
0 0 1 1 0 0 1 0 0 0
0 0 1 1 0 0 0 0 1 0
0 0 0 1 1 0 1 0 0 0
1 0 0 1 0 0 0 0 1 0
1 1 0 1 1 0 1 0 0 0
1 0 0 1 0 0 0 0 0 0
1 1 0 1 1 0 1 1 1 0
1 0 0 1 1 0 0 0 1 0
1 0 0 1 0 0 1 0 1 0
1 0 0 1 0 0 0 0 1 0
1 0 0 1 1 0 1 0 0 0
1 0 0 1 0 0 1 0 0 0
0 1 0 1 0 0 1 0 0 0
0 0 0 1 0 0 1 0 0 0
1 1 0 1 1 0 1 1 0 0
1 0 0 1 0 0 0 0 0 0
0 1 0 0 1 1 1 0 1 1
0 0 0 0 0 1 1 0 1 1
0 0 0 0 1 1 0 1 1 1
0 0 0 0 0 1 0 0 0 1
0 0 0 0 0 1 0 1 0 1
0 1 1 0 0 1 1 1 0 0
0 0 1 0 1 1 1 1 1 0
0 0 1 0 1 1 1 0 0 0
0 0 1 0 1 1 1 1 0 0
0 0 1 0 0 1 1 1 0 0
0 0 0 0 0 1 0 0 1 0
0 0 0 0 0 1 1 0 0 0
0 1 0 0 0 1 0 0 0 0
1 0 0 0 1 1 0 0 1 0
1 0 0 0 0 1 0 0 1 0
1 0 0 0 1 1 1 0 0 0
1 0 0 0 1 1 1 0 0 0
1 0 0 0 1 1 1 1 0 0
1 0 0 0 0 1 1 1 0 0
1 1 0 0 1 1 0 0 0 0
1 0 0 0 1 1 0 0 0 0
0 0 0 0 0 0 0 0 0 1
0 0 0 1 0 0 0 0 0 1
0 0 0 1 0 0 0 0 0 1
0 0 0 1 0 0 0 0 0 1
0 0 0 1 0 0 0 0 0 1
0 0 0 1 0 0 0 0 0 1
0 0 0 1 0 0 0 0 0 1
0 0 0 1 0 0 0 0 0 1
0 0 1 1 0 0 0 0 0 1
1 0 1 1 0 0 0 0 1 1
1 0 0 1 0 0 0 0 0 0
1 0 0 1 0 0 0 0 0 0
0 0 0 0 0 1 0 0 0 1
0 0 0 0 0 1 0 0 0 1
0 0 0 0 0 1 0 0 0 1
0 0 0 0 0 1 0 0 0 1
0 0 0 0 0 1 0 0 0 1
0 0 0 0 0 1 0 0 0 1
0 0 0 0 0 1 0 0 0 1
0 0 1 0 0 1 0 0 0 1
0 0 0 1 0 0 1 0 0 1
0 0 0 1 0 0 0 0 0 1
0 0 1 1 0 0 0 1 1 0
0 0 1 1 1 0 0 1 0 0
0 0 1 1 0 0 0 0 1 0
0 0 1 1 1 0 0 0 0 0
1 0 1 1 0 0 0 0 1 1
1 0 1 1 0 0 0 0 0 1
0 0 0 0 1 1 1 1 0 1
1 0 0 0 0 0 0 0 1 0
0 0 1 1 0 0 0 0 1 0
0 0 1 1 0 0 1 0 0 0
0 0 1 1 0 0 0 0 1 0
0 0 1 1 0 0 0 0 1 0
1 0 0 1 0 0 0 0 1 0
1 0 0 1 0 0 1 0 1 0
1 0 0 1 1 0 1 0 1 0
0 0 0 1 0 0 0 0 0 0
1 0 0 0 0 1 0 0 1 0
1 0 0 0 0 1 0 0 1 0
0 0 0 0 0 1 1 0 0 0
1 0 0 0 0 1 0 1 1 0
1 0 0 0 0 1 0 0 1 0
0 1 1 0 0 0 0 0 0 0
0 0 1 0 1 0 1 1 1 0
0 0 1 0 0 0 0 0 0 0
1 1 0 0 0 0 0 0 1 0
1 0 0 0 0 0 0 1 1 0
1 1 0 0 0 0 0 1 1 0
0 0 1 1 0 0 1 1 0 0
0 0 1 1 1 0 0 0 0 0
0 0 1 1 0 0 1 0 0 0
0 0 1 1 1 0 0 0 1 0
0 0 1 1 0 0 1 0 1 0
0 0 1 1 0 0 0 0 1 0
0 1 1 1 1 0 0 1 0 0
0 0 1 1 1 0 0 1 0 0
0 0 1 1 0 0 0 1 0 0
0 0 1 1 0 0 0 0 0 0
0 0 1 1 0 0 0 1 0 0
1 1 0 1 0 0 0 0 0 0
1 1 0 1 0 0 0 0 0 0
1 1 0 1 0 0 0 0 0 0
1 1 0 1 1 0 0 1 0 0
1 1 0 1 0 0 0 0 0 0
1 1 0 1 0 0 0 1 0 0
1 0 0 1 0 0 1 1 0 0
1 1 0 1 0 0 0 0 0 0
1 0 0 1 0 0 0 1 0 0
1 0 0 1 0 0 0 0 0 0
1 1 0 1 0 0 0 1 0 0
0 1 1 0 0 1 0 1 0 0
0 0 1 0 1 1 0 0 0 0
0 1 1 0 1 1 0 1 0 0
0 0 1 0 0 1 0 0 0 0
0 1 1 0 1 1 0 0 0 0
0 1 1 0 0 1 0 0 0 0
1 0 0 0 0 1 0 0 0 0
1 0 0 0 0 1 0 0 0 0
1 0 0 0 1 1 0 1 0 0
1 0 0 0 1 1 0 1 0 0
1 0 0 0 1 1 0 1 0 0
1 0 0 0 0 1 0 0 0 0
0 1 1 0 1 0 0 0 0 0
0 1 1 1 1 0 0 1 0 0
0 1 1 1 0 0 0 0 0 0
0 1 1 1 1 0 0 1 0 0
0 0 1 1 1 0 0 0 0 0
1 1 0 1 0 0 0 1 0 0
1 0 0 1 0 0 1 1 0 0
1 0 0 1 0 0 0 0 0 0
0 1 1 0 1 1 0 1 0 0
1 0 0 0 1 1 1 1 0 0
1 0 0 0 1 1 1 1 0 0
1 0 0 0 1 1 0 1 0 0
1 0 0 0 1 1 0 0 0 0
1 0 0 0 0 1 0 1 0 0
0 0 0 1 0 0 0 0 0 1
1 0 0 1 0 0 0 0 0 0
0 0 1 0 1 1 0 0 0 0
0 0 1 0 1 1 0 0 0 0
0 1 1 0 1 1 0 1 0 0
1 0 0 0 0 1 0 0 0 0
0 0 0 1 0 0 0 0 1 1
0 1 0 1 0 0 0 0 1 1
0 1 1 0 0 0 0 0 1 0
0 1 1 1 1 0 0 0 0 0
0 0 1 1 1 0 1 1 0 0
0 1 1 1 1 0 0 0 0 0
0 0 1 1 1 0 0 0 0 0
0 0 1 1 0 0 1 1 0 0
0 1 1 1 1 0 0 1 0 0
0 0 1 1 1 0 0 0 0 0
0 1 1 1 1 0 1 1 0 0
1 1 0 1 1 0 0 1 0 0
1 1 0 1 1 0 0 1 0 0
1 0 0 1 0 0 0 1 0 0
1 0 0 1 1 0 0 1 0 0
1 1 0 1 0 0 0 0 0 0
1 0 0 1 1 0 0 1 0 0
1 0 0 1 1 0 0 1 0 0
0 1 1 0 1 1 0 1 0 0
0 0 1 0 1 1 0 1 0 0
0 0 1 0 1 1 0 1 0 0
1 1 0 0 0 1 0 0 0 0
1 1 0 0 0 1 0 0 0 0
1 0 0 0 1 1 1 1 0 0
1 1 0 0 1 1 0 0 0 0
1 0 0 0 1 1 0 1 0 0
1 0 0 0 1 1 1 1 1 0
1 1 0 0 0 1 0 1 0 0
1 1 0 0 1 1 0 1 0 0
1 0 0 0 1 1 0 0 0 0
1 1 0 1 1 0 0 1 1 0
1 1 0 1 0 0 0 0 0 0
0 0 0 0 1 1 0 1 0 0
1 0 0 0 1 1 0 1 0 0
1 1 0 0 1 1 1 1 0 0
1 0 0 0 1 1 0 1 0 0
1 0 0 0 1 1 1 1 0 0
1 0 0 0 1 1 0 1 0 0
1 0 0 0 1 1 0 1 0 0
1 1 0 0 1 1 0 0 0 0
1 0 0 0 1 1 0 1 0 0
1 0 0 0 1 1 0 1 0 0
1 0 0 0 1 1 0 0 0 0
1 0 0 0 0 1 1 1 0 0
1 0 0 0 0 1 0 1 0 0
1 0 0 0 1 1 0 0 0 0
0 0 1 0 0 0 0 0 0 0
0 0 1 1 0 0 1 1 0 0
1 0 0 1 0 0 0 0 1 0
0 1 1 0 0 1 0 0 0 0
1 0 0 0 0 1 0 0 0 0
1 1 0 0 0 1 0 1 0 0
1 0 0 0 0 1 1 1 0 0
0 0 1 0 0 0 0 0 1 0
0 1 1 0 1 0 0 1 0 0
0 0 1 0 0 0 0 0 0 0
1 0 0 0 0 0 0 0 0 0
0 0 1 1 0 0 0 0 1 0
0 0 1 1 0 0 0 0 0 0
0 0 1 1 0 0 1 0 1 0
0 1 1 1 0 0 0 1 1 0
0 0 1 1 0 0 1 0 1 0
0 0 1 1 0 0 0 0 1 0
0 0 1 1 0 0 1 0 1 0
0 0 1 1 0 0 0 0 1 0
0 0 1 1 0 0 0 0 1 0
0 0 1 1 0 0 0 0 1 0
1 0 0 1 0 0 0 0 0 0
1 1 0 1 1 0 0 1 0 0
1 0 0 1 0 0 0 0 1 0
0 0 1 0 0 1 0 0 0 0
0 0 1 0 0 1 1 1 1 0
0 0 1 0 0 1 0 0 1 0
0 0 1 0 0 1 0 0 0 0
1 0 0 0 0 1 1 1 0 0
1 0 0 0 0 1 0 0 0 0
1 1 0 0 0 1 0 1 0 0
0 1 1 1 0 0 0 0 0 0
0 1 0 0 0 1 1 1 0 1
0 0 1 1 0 0 0 0 0 0
0 0 1 1 0 0 1 0 1 0
0 0 1 1 0 0 0 0 1 0
0 0 1 1 0 0 0 0 1 0
0 0 1 1 0 0 0 0 0 0
0 0 1 1 0 0 0 0 1 0
0 0 1 1 0 0 0 0 1 0
0 0 1 0 0 1 0 0 1 0
0 0 1 0 1 1 1 1 0 0
0 0 1 0 0 1 0 1 0 0
0 0 1 0 1 1 0 1 0 0
1 1 0 1 0 0 0 0 0 0
1 1 0 1 0 0 0 0 0 0
1 1 0 1 0 0 0 0 0 0
1 1 0 1 0 0 0 0 0 0
1 1 0 1 0 0 0 0 0 0
1 1 0 1 0 0 0 0 0 0
1 1 0 1 0 0 0 0 0 0
1 1 0 1 0 0 0 0 0 0
1 1 0 1 1 0 0 0 0 0
1 1 0 1 0 0 0 0 0 0
1 1 0 1 0 0 0 0 0 0
1 1 0 1 0 0 0 0 0 0
1 1 0 1 0 0 0 0 0 0
1 0 0 1 0 0 0 1 0 0
1 0 0 1 0 0 0 0 0 0
1 0 0 1 0 0 0 0 0 0
1 1 0 1 1 0 0 1 0 0
1 1 0 1 1 0 1 1 0 0
1 1 0 1 0 0 0 1 0 0
1 1 0 1 0 0 0 1 0 0
1 1 0 1 0 0 0 0 0 0
1 1 0 1 0 0 0 0 0 0
1 1 0 1 0 0 0 0 0 0
1 0 0 1 1 0 0 0 0 0
1 1 0 1 0 0 0 1 0 0
1 1 0 0 0 1 0 0 0 0
1 1 0 0 1 1 0 1 0 0
1 1 0 0 0 1 0 0 0 0
1 0 0 0 0 1 0 1 0 0
1 0 0 1 0 0 0 0 1 0
1 0 0 1 0 0 0 1 0 0
1 0 0 1 1 0 0 1 0 0
1 1 0 1 1 0 1 1 0 0
1 0 0 0 0 1 0 1 1 0
1 1 0 0 0 1 0 1 0 0
1 0 0 1 0 0 0 1 1 0
1 0 0 1 1 0 1 1 0 0
0 1 0 1 1 0 0 1 1 0
0 0 1 0 0 0 0 0 0 0
1 0 0 0 0 0 0 0 1 0
1 0 0 1 0 0 1 1 1 0
1 1 0 1 0 0 0 0 0 0
1 1 0 1 1 0 1 1 0 0
1 1 0 1 1 0 0 0 1 0
1 0 0 1 1 0 1 1 1 0
1 0 0 1 0 0 1 0 1 0
1 0 0 1 0 0 0 0 1 0
1 0 0 1 0 0 0 0 1 0
1 0 0 1 0 0 0 0 1 0
1 0 0 1 0 0 0 0 1 0
1 1 0 1 0 0 0 0 0 0
1 0 0 1 0 0 0 0 0 0
1 0 0 1 0 0 0 0 0 0
1 0 0 1 0 0 0 0 0 0
1 0 0 1 0 0 0 0 0 0
1 0 0 1 0 0 0 0 0 0
1 0 0 1 0 0 0 0 0 0
1 0 0 1 0 0 0 0 0 0
1 0 0 1 0 0 0 0 0 0
1 0 0 1 0 0 0 0 1 0
1 0 0 0 0 1 0 0 0 0
1 0 0 0 0 1 0 0 0 0
H 10 24
0 0 0 0 1 0 1 0 0 0 0 0 0 0 0 0 0 0 0 0 0 0 0 0
0 0 0 0 0 0 0 0 0 0 0 0 0 0 0 1 0 0 0 0 0 0 0 0
0 0 0 1 0 0 1 0 0 0 1 0 0 0 0 0 0 0 0 0 0 0 0 0
0 1 0 0 0 0 0 0 0 0 0 0 0 0 0 0 0 0 0 0 0 0 0 0
0 0 0 0 0 0 0 0 0 0 1 0 0 0 0 0 1 0 0 0 0 0 0 0
0 0 1 0 0 0 0 0 0 0 0 0 0 0 0 0 0 0 0 0 0 0 0 0
0 0 0 0 0 0 0 0 0 0 1 0 0 0 0 0 0 0 0 0 0 0 1 0
0 0 0 0 0 0 0 0 0 0 1 0 0 0 0 0 0 0 0 0 0 0 0 1
0 0 0 0 0 0 0 0 0 0 0 1 0 0 0 0 0 0 0 0 0 0 0 0
0 0 0 1 0 1 0 0 0 0 0 0 0 0 0 0 0 0 0 1 0 0 0 0
