W 435 5
0 0 1 1 1
0 0 1 0 0
0 0 1 1 0
0 0 0 1 0
0 0 1 1 0
0 0 1 1 0
0 0 1 1 0
0 0 1 1 0
0 0 1 1 0
1 1 0 0 0
0 0 1 1 0
0 0 1 1 0
0 1 0 0 0
1 1 0 1 1
0 0 1 0 0
0 0 1 0 1
1 0 0 1 1
1 1 0 0 0
0 0 1 0 0
1 1 0 1 0
1 1 0 1 0
1 1 0 0 0
1 1 0 0 0
1 1 0 0 0
1 1 0 0 0
1 1 0 0 1
1 1 0 0 0
1 1 0 1 0
1 0 1 0 0
1 1 0 1 0
0 0 1 0 0
1 1 0 1 0
1 1 0 0 1
0 0 1 1 0
1 1 0 0 0
0 0 1 0 0
0 0 1 0 1
0 0 1 1 0
0 0 1 0 1
1 1 0 0 1
1 0 0 0 0
1 1 0 0 0
1 0 0 0 0
1 1 0 0 0
1 0 0 1 0
1 1 0 1 0
1 0 0 0 0
1 0 0 0 0
1 0 0 0 0
0 0 1 0 0
1 1 0 1 0
0 0 1 1 0
1 1 0 0 0
0 0 1 0 1
1 0 0 1 0
0 0 1 1 1
0 0 1 1 1
0 0 1 0 1
0 0 1 0 1
0 0 1 0 1
1 1 0 0 1
0 0 1 0 0
1 0 0 0 0
1 0 0 1 0
1 0 0 1 0
0 0 1 1 0
0 0 1 1 0
0 0 1 0 1
1 1 0 0 0
1 1 0 0 0
1 1 0 0 0
1 0 0 1 1
1 1 0 1 0
1 0 1 0 1
1 1 0 1 1
0 0 1 1 1
0 0 1 1 1
0 1 1 1 1
0 0 1 1 1
0 0 1 0 1
1 0 1 0 1
1 0 0 0 1
0 0 1 0 1
0 0 1 0 0
0 0 1 0 1
0 0 1 0 1
0 0 1 0 1
0 0 1 0 0
0 1 1 1 1
0 0 1 0 1
1 1 0 0 1
1 1 0 0 1
1 1 0 1 1
1 1 0 0 1
0 0 0 0 0
1 1 1 0 0
0 0 1 1 0
0 0 0 1 1
1 0 0 1 1
0 0 1 0 1
0 0 1 1 0
1 0 0 1 0
1 1 1 0 0
0 0 0 0 0
1 0 1 0 1
1 1 0 1 0
0 0 1 1 0
0 1 1 0 1
1 1 0 0 0
1 1 0 0 0
0 1 0 0 1
0 0 1 0 1
0 1 0 0 1
0 0 1 0 1
1 1 0 0 0
0 1 0 0 1
1 1 0 0 0
1 0 1 0 0
0 1 0 1 1
0 0 1 0 0
0 0 1 0 1
0 0 1 0 1
0 0 1 0 1
0 0 1 0 0
0 1 0 0 0
0 0 1 0 1
0 0 1 0 0
0 1 0 0 1
0 1 0 1 1
1 1 0 0 0
1 1 0 0 0
0 1 0 0 1
0 0 1 0 1
0 0 1 0 1
0 0 1 0 0
0 0 1 0 1
0 0 1 1 1
0 1 0 0 1
0 1 0 0 1
1 1 0 0 0
0 1 0 0 1
0 1 1 0 1
0 1 1 0 1
1 1 0 1 1
0 1 0 0 1
0 1 0 0 1
0 0 1 1 0
0 1 0 0 1
0 0 1 1 1
0 1 0 0 1
0 0 1 0 1
0 0 1 1 0
0 1 0 1 1
0 1 0 1 1
0 0 1 0 0
0 0 1 1 0
0 0 1 0 0
0 1 0 1 0
0 0 1 0 1
0 1 0 1 1
0 0 1 1 0
0 0 1 0 0
0 0 1 1 0
0 0 1 1 0
0 0 1 1 1
0 1 0 1 1
1 1 1 0 1
1 1 1 0 1
0 1 1 0 0
1 0 0 0 1
1 1 0 0 0
0 0 1 0 1
0 1 0 0 1
0 0 1 0 1
1 1 0 0 0
0 1 0 0 1
0 1 0 0 1
0 1 0 0 1
0 1 0 0 1
1 1 0 0 1
1 1 0 0 0
0 1 0 0 1
1 1 0 0 0
1 1 1 0 1
0 1 0 0 1
1 1 0 0 1
0 1 0 1 1
1 1 0 0 0
1 0 1 0 0
1 1 0 0 0
0 0 1 0 0
0 0 1 0 1
0 1 0 1 0
0 1 0 0 0
0 1 0 1 1
0 0 1 0 0
0 1 0 1 0
0 0 1 0 1
0 1 0 0 1
1 1 0 1 0
0 1 0 0 0
1 1 0 0 0
1 1 0 1 1
1 1 0 0 1
0 0 1 0 0
0 1 0 0 1
0 0 1 0 1
0 0 1 0 1
0 1 0 0 0
1 0 0 1 1
0 1 0 0 0
0 0 1 0 1
0 1 0 0 0
0 1 0 1 0
0 0 1 0 1
0 0 1 1 1
1 1 0 1 1
0 0 1 0 1
1 1 0 0 0
0 1 0 1 0
0 1 0 0 0
0 0 0 1 0
1 1 0 0 0
0 0 1 0 0
0 0 1 0 1
0 0 1 0 0
0 1 0 1 0
1 1 0 0 0
0 0 1 1 0
0 1 1 0 1
0 0 1 1 0
0 0 1 0 1
0 1 0 1 0
0 0 1 0 1
0 1 1 0 1
0 0 1 0 1
0 1 0 0 0
1 0 0 0 0
1 1 0 0 1
0 0 1 0 1
0 1 1 0 0
1 1 0 0 1
0 0 1 0 0
0 1 0 0 1
1 1 0 0 1
1 1 0 0 1
0 1 0 0 0
0 0 1 0 0
0 0 0 0 0
1 1 0 0 0
0 0 1 0 0
0 0 1 0 0
1 1 0 1 0
0 0 1 1 0
1 0 0 0 1
1 1 0 0 1
0 0 1 0 0
0 0 1 0 0
0 1 0 0 0
1 0 0 0 0
1 0 0 0 1
1 1 0 0 0
1 1 0 0 1
1 1 0 0 0
1 1 0 0 0
1 0 0 0 1
0 0 1 0 1
1 0 0 0 1
1 1 0 0 0
1 0 0 0 0
1 1 0 0 0
0 1 0 1 0
1 1 0 0 1
0 0 1 0 1
1 1 0 0 1
0 0 1 0 0
0 0 1 0 0
0 1 1 0 1
0 0 1 0 0
0 0 1 0 1
0 1 0 0 1
1 0 1 0 0
0 0 1 0 1
0 0 1 0 0
0 1 0 1 1
0 1 0 1 1
0 1 0 1 1
1 1 0 1 0
1 1 1 1 1
1 0 1 1 1
1 0 1 0 1
1 0 0 0 1
1 1 0 1 1
1 1 0 1 1
0 1 0 1 1
0 0 1 0 1
0 0 1 0 1
1 1 0 1 1
0 1 0 1 1
0 1 0 1 1
0 1 1 0 1
0 1 0 0 0
0 0 1 0 1
0 0 1 0 0
0 0 1 0 1
0 0 1 0 1
0 0 1 0 0
1 0 0 0 0
0 0 1 0 1
1 1 0 0 1
0 0 1 0 1
0 1 0 0 1
1 1 0 0 1
0 0 1 0 1
0 1 1 1 0
0 1 1 0 0
0 1 1 0 0
1 1 0 0 1
0 1 0 0 0
1 1 0 0 0
0 1 0 1 1
1 0 0 0 1
0 0 1 1 0
1 0 1 0 1
0 0 1 1 0
0 0 1 1 0
1 0 0 1 0
0 0 1 1 0
1 0 0 1 0
1 1 0 0 1
0 0 1 0 1
1 1 0 0 0
1 1 0 0 0
0 1 0 0 0
0 1 0 1 0
0 0 1 0 1
0 1 0 1 0
1 1 0 0 0
1 1 0 0 1
0 0 1 0 0
0 0 1 0 1
0 1 0 1 1
0 1 0 1 1
0 0 1 0 1
0 1 0 0 1
0 0 1 0 1
0 0 1 0 1
0 0 1 0 1
1 1 0 0 1
0 1 1 0 0
0 1 0 1 0
0 1 1 0 1
0 1 0 1 0
0 0 1 0 1
0 1 0 1 1
1 1 0 0 1
0 0 1 0 0
0 0 1 0 0
1 0 1 1 1
0 0 1 0 1
1 0 0 0 1
1 0 1 0 1
1 0 0 1 1
0 0 1 1 1
0 0 1 1 0
0 0 1 1 1
1 0 0 0 1
1 1 0 1 1
0 1 0 1 1
0 0 1 1 0
1 1 0 1 1
1 1 0 0 1
0 0 1 1 0
0 0 1 1 1
0 0 1 1 0
0 0 1 1 0
1 1 0 0 0
0 0 1 1 0
0 0 1 0 0
0 0 1 0 0
1 1 0 1 0
1 0 1 1 1
0 0 1 1 0
1 0 0 1 1
0 0 1 1 0
0 0 1 1 0
0 0 0 1 0
1 0 0 1 0
0 0 1 0 0
1 1 0 0 0
0 0 1 1 0
1 1 0 1 0
0 0 1 1 0
1 0 1 0 0
0 0 0 1 0
1 1 0 1 0
1 1 0 1 0
0 0 1 1 0
0 0 0 1 0
0 0 1 0 1
0 0 1 1 0
0 0 1 1 1
1 0 1 0 1
0 0 1 0 1
0 0 1 0 1
0 0 1 0 0
1 0 1 0 1
0 0 1 0 0
1 1 1 0 0
0 0 1 0 0
0 0 1 1 0
1 0 0 1 1
0 0 1 0 1
1 0 1 1 1
1 0 0 0 0
0 1 0 1 1
0 0 1 0 1
1 0 0 1 1
1 0 0 0 1
1 0 0 0 0
1 0 1 0 1
0 1 0 1 0
0 1 0 1 0
0 1 0 1 0
0 1 0 1 1
0 1 0 0 1
1 1 0 0 1
0 0 1 0 1
1 1 0 0 1
1 1 0 0 1
0 0 1 0 1
0 1 0 0 1
0 0 1 1 0
0 0 1 0 1
0 0 1 0 1
H 5 16
1 0 1 0 0 0 1 1 1 0 0 0 0 0 0 1
0 0 1 0 0 0 1 1 1 0 0 0 0 0 1 1
0 0 0 1 1 1 0 0 0 0 0 1 1 1 0 0
0 1 0 0 0 1 0 0 0 0 1 0 0 0 0 1
0 0 0 0 0 0 0 0 0 1 0 0 0 0 0 1
