W 435 3
0 1 1
0 1 1
0 0 1
0 1 0
0 1 1
0 1 1
0 1 1
0 1 1
0 1 1
1 0 0
0 0 1
0 1 1
1 0 0
1 1 0
0 1 1
0 1 1
1 1 0
1 0 0
0 0 1
1 0 0
1 1 0
1 0 0
1 0 0
1 0 0
1 0 0
1 0 0
1 0 0
1 0 0
1 0 1
1 0 0
0 0 1
1 0 0
1 1 0
0 1 1
1 0 0
0 0 1
0 1 1
0 1 1
0 1 1
1 0 0
1 0 0
1 0 0
1 0 0
1 0 0
1 0 0
1 0 0
1 0 0
1 0 0
1 0 0
0 0 1
1 0 0
0 1 1
1 0 0
0 1 1
1 1 0
0 1 1
0 1 1
0 1 1
0 1 1
0 1 1
1 1 0
0 0 1
1 0 0
1 0 0
1 0 0
0 1 1
0 1 1
0 1 1
1 0 0
1 0 0
1 0 0
1 1 0
1 0 0
1 0 1
1 1 0
0 1 1
0 1 1
0 1 1
0 1 1
0 0 1
1 1 0
1 0 0
0 1 1
0 0 1
0 1 1
0 1 1
0 0 1
0 0 1
0 1 1
0 1 1
1 0 0
1 0 0
1 1 0
1 0 0
0 1 0
1 0 1
0 0 1
0 1 0
1 1 0
0 0 1
0 0 1
1 0 0
1 0 1
0 0 0
1 1 1
1 0 0
0 1 1
0 1 1
1 0 0
1 0 0
1 0 0
0 1 1
1 1 0
0 1 1
1 0 0
1 1 0
1 0 0
0 1 1
1 1 0
0 0 1
0 1 1
0 1 1
0 1 1
0 1 1
1 0 0
0 1 1
0 0 1
1 1 0
0 1 0
1 0 0
1 0 0
0 1 0
0 1 1
0 1 1
0 0 1
0 0 1
0 1 1
1 1 0
1 1 0
1 0 0
1 0 1
1 1 1
0 1 1
1 1 0
0 1 0
1 1 0
0 1 1
1 0 1
0 1 1
1 0 0
0 1 1
0 0 1
1 1 0
1 1 0
0 0 1
0 0 1
0 0 1
1 1 0
0 1 1
1 1 0
0 1 1
0 0 1
0 1 1
0 1 1
0 1 1
1 1 0
1 1 1
1 1 1
0 0 1
1 0 0
1 0 0
0 1 1
1 1 0
0 1 1
1 0 0
1 1 0
1 0 0
1 0 0
1 0 0
1 0 0
1 0 0
1 0 0
1 0 0
1 1 1
1 0 0
1 0 0
1 1 0
1 0 0
1 0 1
1 0 0
0 0 1
0 1 1
1 0 0
1 0 0
1 1 0
0 0 1
1 0 0
0 1 1
1 0 0
1 0 0
1 0 0
1 0 0
1 1 0
1 0 0
0 0 1
1 1 0
0 1 1
0 1 1
1 0 0
1 1 0
1 0 0
0 1 1
1 0 0
1 1 0
0 1 1
0 1 1
1 1 0
0 1 1
1 0 0
1 0 0
1 0 0
0 1 0
1 0 0
0 0 1
0 1 1
0 1 1
1 0 0
1 0 0
0 1 1
0 1 1
0 1 1
0 1 1
1 0 0
0 1 1
1 1 0
0 1 1
1 0 0
1 0 1
1 1 0
0 1 1
0 0 1
1 0 0
0 0 1
1 1 0
1 0 0
1 0 0
1 0 0
0 0 1
0 0 0
1 0 0
0 0 1
0 0 1
1 1 0
0 1 1
1 0 0
1 0 0
0 0 1
0 0 1
1 0 0
1 0 0
1 0 0
1 0 0
1 0 0
1 0 0
1 0 0
1 0 0
0 1 1
1 0 0
1 0 0
1 0 0
1 0 0
1 1 0
1 0 0
0 1 1
1 0 0
0 0 1
0 0 1
0 1 1
0 0 1
0 0 1
1 0 0
1 0 1
0 0 1
0 0 1
1 1 0
1 1 0
1 1 0
1 1 0
1 1 1
0 1 1
1 1 1
1 1 0
1 1 0
1 1 0
0 1 0
0 1 1
0 1 1
1 1 0
1 1 0
1 1 0
1 0 1
1 0 0
0 1 1
0 0 1
0 1 1
0 0 1
0 0 1
1 0 0
0 0 1
1 1 0
0 0 1
1 1 0
1 1 0
0 1 1
1 1 1
1 1 1
0 0 1
1 0 0
1 0 0
1 0 0
0 1 0
1 1 0
0 1 1
1 1 1
0 0 1
0 1 1
1 0 0
0 1 1
1 0 0
1 1 0
0 1 1
1 0 0
1 0 0
1 0 0
1 1 0
0 1 1
1 0 0
1 0 0
1 0 0
0 0 1
0 1 1
1 1 0
0 1 0
0 1 1
1 0 0
0 1 1
0 1 1
0 0 1
1 0 0
1 1 1
1 1 0
1 1 1
1 1 0
0 1 1
1 1 0
1 0 0
0 0 1
0 0 1
1 1 1
0 1 1
1 1 0
1 1 1
1 1 0
0 1 1
0 1 1
0 1 1
1 0 0
1 1 0
1 1 0
0 1 1
1 1 0
1 1 0
0 0 1
0 1 1
0 1 1
0 0 1
1 0 0
0 1 1
0 0 1
0 0 1
1 1 0
1 1 1
0 1 1
1 1 0
0 1 1
0 0 1
0 0 0
1 1 0
0 1 1
1 0 0
0 0 1
1 0 0
0 1 1
0 0 1
0 1 0
1 0 0
1 1 0
0 1 1
0 1 0
0 1 1
0 1 1
0 1 1
1 1 1
0 1 1
0 1 1
0 0 1
0 1 1
0 0 1
1 0 1
0 0 1
0 0 1
1 1 0
0 1 1
1 1 1
1 0 0
1 1 0
0 1 1
1 1 0
1 1 0
1 0 0
1 1 1
1 1 0
1 0 0
1 1 0
1 1 0
1 0 0
1 0 0
0 1 1
1 0 0
1 0 0
0 1 1
1 0 0
0 1 1
0 1 1
0 1 1
H 3 16
1 0 1 0 0 0 1 1 1 0 0 0 0 0 1 1
0 1 0 0 0 1 0 0 0 1 0 0 0 0 0 1
0 0 0 1 1 1 0 0 0 0 0 1 1 1 0 0
