W 435 2
1 0
1 0
1 0
1 0
1 0
1 0
1 0
1 0
1 0
0 1
1 0
1 0
0 1
0 1
1 0
1 0
0 1
0 1
1 0
0 1
0 1
0 1
0 1
0 1
0 1
0 1
0 1
0 1
1 1
0 1
1 0
0 1
0 1
1 0
0 1
1 0
1 0
1 0
1 0
0 1
0 1
0 1
0 1
0 1
0 1
0 1
0 1
0 1
0 1
1 0
0 1
1 0
0 1
1 0
1 1
1 0
1 0
1 0
1 0
1 0
0 1
1 0
0 1
0 1
0 1
1 0
1 0
1 0
0 1
0 1
0 1
0 1
0 1
1 1
0 1
1 0
1 0
1 1
1 0
1 0
0 1
0 1
1 0
1 0
1 0
1 0
1 0
1 0
1 1
1 0
0 1
0 1
0 1
0 1
0 0
1 1
1 0
0 1
0 1
1 0
1 0
0 1
1 1
0 0
1 1
0 1
1 0
1 0
0 1
0 1
0 1
1 0
0 1
1 0
0 1
0 1
0 1
1 0
0 1
1 0
1 0
1 0
1 0
1 0
0 1
1 0
1 0
0 1
0 1
0 1
0 1
0 1
1 0
1 0
1 0
1 0
1 0
0 1
0 1
0 1
0 1
1 1
1 1
0 1
0 1
0 1
1 0
0 1
1 0
0 1
1 0
1 0
0 1
0 1
1 0
1 0
1 0
0 1
1 0
0 1
1 0
1 0
1 0
1 0
1 0
0 1
1 1
1 1
1 0
0 1
0 1
1 0
0 1
1 0
0 1
0 1
0 1
0 1
0 1
0 1
0 1
0 1
0 1
1 1
0 1
0 1
0 1
0 1
1 0
0 1
1 0
1 0
0 1
0 1
0 1
1 0
0 1
1 0
0 1
0 1
0 1
0 1
0 1
0 1
1 0
0 1
1 0
1 0
0 1
0 1
0 1
1 0
0 1
0 1
1 0
1 0
1 1
1 0
0 1
0 1
0 1
0 0
0 1
1 0
1 0
1 0
0 1
0 1
1 0
1 1
1 0
1 0
0 1
1 0
0 1
1 0
0 1
0 1
0 1
1 0
1 0
0 1
1 0
0 1
0 1
0 1
0 1
1 0
0 0
0 1
1 0
1 0
0 1
1 0
0 1
0 1
0 0
1 0
0 1
0 1
0 1
0 1
0 1
0 1
0 1
0 1
1 0
0 1
0 1
0 1
0 1
0 1
0 1
1 0
0 1
0 0
1 0
1 1
1 0
1 0
0 1
1 1
1 0
1 0
0 1
0 1
0 1
1 1
1 1
1 1
1 1
0 1
0 1
1 1
1 1
1 0
1 0
0 1
0 1
1 1
1 1
0 1
1 0
1 0
1 0
1 0
1 0
0 1
1 0
0 1
1 0
0 1
0 1
1 0
1 0
1 0
0 0
0 1
0 1
0 1
1 1
0 1
1 0
1 1
1 0
1 0
0 1
1 0
0 1
0 1
1 0
0 1
0 1
0 1
0 1
1 0
0 1
0 1
0 1
1 0
1 0
0 1
1 1
0 0
0 1
1 0
1 0
1 0
0 1
1 1
0 1
1 1
1 1
1 0
0 1
0 1
1 0
1 0
1 1
1 0
0 1
1 1
1 1
1 0
1 0
1 0
0 1
0 1
0 1
1 0
0 1
0 1
1 0
1 1
1 0
1 0
0 1
1 0
1 0
1 0
0 1
1 1
1 0
0 1
1 0
1 0
0 0
1 1
1 0
0 1
1 0
0 1
1 0
1 0
1 0
0 1
1 1
1 0
0 0
1 0
1 0
1 0
1 1
1 0
1 0
1 0
1 1
1 0
1 1
1 0
1 0
0 1
1 0
1 1
0 1
0 1
1 0
0 1
0 1
0 1
1 1
1 1
0 1
0 1
0 1
0 1
0 1
1 0
0 1
0 1
1 0
0 1
1 0
1 0
1 0
H 2 16
0 1 0 1 1 1 0 0 0 0 0 1 1 1 0 1
1 0 1 0 0 0 1 1 1 1 0 0 0 0 1 1
