W 101 3
1 0 0
1 0 0
0 1 0
1 0 0
1 0 0
1 0 0
1 0 0
0 1 0
0 1 0
1 0 0
1 0 0
0 0 1
0 1 0
0 0 0
0 0 0
0 0 0
0 0 1
1 0 0
0 1 0
1 1 0
0 0 1
0 0 1
1 0 0
0 0 1
0 0 0
0 1 0
0 1 0
1 0 0
1 0 0
1 0 0
0 0 0
1 0 0
1 0 0
0 0 1
0 1 0
1 0 0
1 0 0
0 0 1
0 1 0
0 0 0
0 0 0
0 0 1
0 0 0
0 0 1
1 0 0
1 0 0
0 0 0
1 0 0
1 0 0
1 0 0
1 0 0
0 0 0
0 1 0
0 0 0
1 0 0
1 0 0
0 0 1
0 0 1
0 0 1
0 0 1
0 1 0
0 1 0
0 1 0
1 1 0
1 0 0
1 0 0
1 1 0
1 0 0
1 0 0
1 0 0
1 0 0
0 0 1
0 0 0
0 1 0
1 1 0
1 1 0
0 1 0
0 0 0
0 0 1
0 0 1
0 1 0
0 0 0
0 1 0
0 0 1
1 0 0
0 0 0
0 1 0
0 0 1
0 0 0
0 1 0
0 0 1
0 1 0
0 1 0
1 0 0
1 0 0
0 0 1
1 0 0
0 0 0
1 0 0
0 0 0
0 0 1
H 3 17
1 0 0 1 0 0 0 1 1 1 0 0 1 0 1 1 0
0 0 1 0 0 1 1 1 1 0 0 1 1 0 0 1 0
0 1 1 0 1 0 0 0 1 1 0 0 1 0 0 1 0
