W 101 7
0 1 1 1 0 0 0
0 0 1 1 0 0 0
0 1 0 0 1 0 1
0 1 1 1 0 0 0
0 1 1 1 0 0 0
0 0 1 1 0 0 0
0 0 1 1 0 0 0
0 0 0 0 1 0 1
0 1 0 0 1 0 1
0 0 0 1 0 0 0
0 1 1 1 0 0 0
1 0 0 0 0 1 0
0 1 0 0 1 0 1
0 1 0 0 0 0 0
0 1 0 0 1 0 0
0 1 0 0 1 0 0
1 1 0 0 0 1 0
0 0 1 1 0 0 0
0 1 1 0 1 0 1
0 1 1 1 0 0 1
1 0 0 0 0 1 0
1 0 0 0 1 1 0
0 0 1 1 0 0 0
1 0 1 0 0 1 0
0 0 0 0 0 1 0
1 1 0 0 1 0 0
1 1 0 0 1 0 0
0 0 0 1 0 0 0
0 0 1 1 0 0 0
0 1 1 1 0 0 0
0 0 0 0 0 1 0
0 0 1 1 0 0 0
0 0 1 1 0 0 0
1 1 0 0 1 1 0
0 0 0 0 1 0 1
0 0 0 1 0 0 0
0 0 0 1 0 0 0
1 1 0 0 0 1 0
0 1 0 0 1 0 1
0 0 0 0 0 1 0
0 0 0 0 0 1 0
1 1 0 0 0 0 0
0 1 0 0 0 1 0
1 0 0 0 0 1 0
0 1 1 1 0 0 0
0 1 1 1 0 0 0
0 1 0 0 1 0 0
0 1 1 1 0 0 0
0 1 1 1 0 0 0
0 1 0 1 0 0 0
0 1 1 1 0 0 0
0 0 0 0 0 1 0
1 1 0 0 1 0 0
0 1 1 0 1 0 0
0 1 0 1 0 0 0
0 0 1 1 0 0 0
1 0 1 0 0 0 0
1 0 0 0 0 1 0
1 1 1 0 1 0 0
1 0 0 0 0 1 0
0 1 1 0 1 0 1
0 1 0 0 1 0 1
1 1 0 0 0 0 0
0 1 1 1 1 0 0
0 1 1 1 0 0 0
0 0 1 1 0 0 0
0 1 1 1 0 0 1
0 1 1 1 0 0 0
0 1 1 1 0 0 0
0 1 1 1 0 0 0
0 0 1 1 0 0 0
1 1 1 0 0 0 0
0 1 0 0 0 0 0
0 0 0 0 1 0 1
0 1 1 1 0 0 1
0 1 1 1 0 0 1
0 1 0 0 0 0 1
0 1 0 0 1 0 0
1 1 0 0 1 1 0
1 1 0 0 1 1 0
1 1 0 0 0 0 0
0 0 0 0 0 1 0
0 0 0 0 1 0 1
1 0 0 0 0 1 0
0 0 0 1 0 0 0
0 1 0 0 1 0 0
0 1 1 0 1 0 1
1 0 1 0 1 1 0
0 0 0 0 0 1 0
1 0 0 0 1 0 0
1 0 1 0 0 0 0
1 1 0 0 0 0 0
0 1 1 0 1 0 1
0 0 0 1 0 0 0
0 0 0 1 0 0 0
1 1 1 0 0 1 0
0 0 1 1 0 0 0
0 0 0 0 0 1 0
0 1 1 1 0 0 0
0 0 0 0 0 1 0
1 0 0 0 0 1 0
H 7 17
0 1 1 0 0 0 0 0 1 1 0 0 1 0 0 1 0
0 0 0 0 0 0 1 0 0 0 0 0 0 0 0 0 0
0 0 0 0 0 0 0 0 0 0 0 0 0 0 1 0 0
1 0 0 1 0 0 0 1 1 1 0 0 1 0 0 1 0
0 0 1 0 0 1 0 0 0 0 0 0 0 0 0 0 0
0 0 1 0 1 0 0 0 0 1 0 0 0 0 0 0 0
0 0 0 0 0 1 0 1 1 0 0 1 1 0 0 1 0
