W 101 6
0 0 0 0 1 1
0 0 0 0 0 1
1 0 1 0 1 0
0 0 0 0 1 1
0 0 0 0 1 1
0 0 0 0 0 1
0 0 0 0 0 1
1 0 1 0 0 0
1 0 1 0 1 0
0 0 0 0 0 1
0 0 0 0 1 1
0 1 0 1 0 0
1 0 1 0 1 0
0 0 0 0 1 0
0 0 1 0 1 0
0 0 1 0 1 0
0 1 0 1 1 0
0 0 0 0 0 1
1 0 1 0 1 0
1 0 0 0 1 1
0 1 0 1 0 0
0 1 1 1 0 0
0 0 0 0 0 1
0 1 0 1 0 0
0 0 0 1 0 0
1 1 0 0 1 0
1 1 0 0 1 0
0 0 0 0 0 1
0 0 0 0 0 1
0 0 0 0 1 1
0 0 0 1 0 0
0 0 0 0 0 1
0 0 0 0 0 1
0 1 1 1 1 0
1 0 1 0 0 0
0 0 0 0 0 1
0 0 0 0 0 1
0 1 0 1 1 0
1 0 1 0 1 0
0 0 0 1 0 0
0 0 0 1 0 0
0 1 0 0 1 0
0 0 0 1 1 0
0 1 0 1 0 0
0 0 0 0 1 1
0 0 0 0 1 1
0 0 1 0 1 0
0 0 0 0 1 1
0 0 0 0 1 1
0 0 0 0 1 1
0 0 0 0 1 1
0 0 0 1 0 0
1 1 0 0 1 0
0 0 1 0 1 0
0 0 0 0 1 1
0 0 0 0 0 1
0 1 0 0 0 0
0 1 0 1 0 0
0 1 1 0 1 0
0 1 0 1 0 0
1 0 1 0 1 0
1 0 1 0 1 0
0 1 0 0 1 0
0 0 1 0 1 1
0 0 0 0 1 1
0 0 0 0 0 1
1 0 0 0 1 1
0 0 0 0 1 1
0 0 0 0 1 1
0 0 0 0 1 1
0 0 0 0 0 1
0 1 0 0 1 0
0 0 0 0 1 0
1 0 1 0 0 0
1 0 0 0 1 1
1 0 0 0 1 1
1 0 0 0 1 0
0 0 1 0 1 0
0 1 1 1 1 0
0 1 1 1 1 0
0 1 0 0 1 0
0 0 0 1 0 0
1 0 1 0 0 0
0 1 0 1 0 0
0 0 0 0 0 1
0 0 1 0 1 0
1 0 1 0 1 0
0 1 1 1 0 0
0 0 0 1 0 0
1 1 0 0 0 0
0 1 0 0 0 0
0 1 0 0 1 0
1 0 1 0 1 0
0 0 0 0 0 1
0 0 0 0 0 1
0 1 0 1 1 0
0 0 0 0 0 1
0 0 0 1 0 0
0 0 0 0 1 1
0 0 0 1 0 0
0 1 0 1 0 0
H 6 17
0 0 0 0 0 1 0 1 1 0 0 1 1 0 0 1 0
0 1 1 0 0 0 0 0 1 1 0 0 1 0 0 1 0
0 0 1 0 0 1 0 0 0 0 0 0 0 0 0 0 0
0 0 1 0 1 0 0 0 0 1 0 0 0 0 0 0 0
0 0 0 0 0 0 1 0 0 0 0 0 0 0 0 0 0
1 0 0 1 0 0 0 1 1 1 0 0 1 0 1 1 0
