W 101 9
0 0 1 1 0 0 1 0 0
0 0 1 0 0 0 1 1 0
0 1 0 1 0 1 0 0 0
0 0 1 1 0 0 1 0 0
0 0 1 1 0 0 1 1 0
0 0 1 0 0 0 1 1 0
1 0 1 0 0 0 1 1 0
1 1 0 0 0 1 0 0 0
0 1 0 1 0 1 0 0 0
1 0 0 0 0 0 1 0 0
0 0 1 1 0 0 1 1 0
1 0 0 0 1 0 0 0 0
0 1 0 1 0 1 0 0 0
0 1 0 1 0 0 0 0 0
0 1 0 1 0 0 0 0 0
0 1 0 1 0 0 0 0 0
0 0 0 1 1 0 0 0 0
0 0 1 0 0 0 1 1 0
0 1 1 1 0 1 0 0 0
0 0 1 1 0 1 1 0 0
1 0 0 0 1 0 0 0 0
0 1 0 0 1 0 0 0 0
0 0 1 0 0 0 1 1 0
0 0 1 0 1 0 0 0 0
0 0 0 0 0 0 0 0 1
0 1 0 1 0 0 0 1 0
0 1 0 1 0 0 0 1 0
0 0 0 0 0 0 1 1 0
0 0 1 0 0 0 1 1 0
1 0 1 1 0 0 1 0 0
0 0 0 0 0 0 0 0 1
1 0 1 0 0 0 1 1 0
0 0 1 0 0 0 1 0 0
0 1 0 1 1 0 0 0 0
0 1 0 0 0 1 0 0 0
1 0 0 0 0 0 1 1 0
0 0 0 0 0 0 1 1 0
0 0 0 1 1 0 0 0 0
0 1 0 1 0 1 0 0 0
1 0 0 0 0 0 0 0 1
0 0 0 0 0 0 0 0 1
0 0 0 1 1 0 0 0 0
0 0 0 1 0 0 0 0 1
0 0 0 0 1 0 0 0 0
0 0 1 1 0 0 1 1 0
0 0 1 1 0 0 1 1 0
0 1 0 1 0 0 0 0 0
0 0 1 1 0 0 1 1 0
0 0 1 1 0 1 1 0 0
0 0 0 1 0 0 1 1 0
0 0 1 1 0 0 1 1 0
0 0 0 0 0 0 0 0 1
0 1 0 1 0 0 0 1 0
0 1 1 1 0 0 0 0 0
0 0 0 1 0 0 1 1 0
0 0 1 0 0 0 1 1 0
0 0 1 0 1 0 0 0 0
1 0 0 0 1 0 0 0 0
0 1 1 1 1 0 0 0 0
0 0 0 0 1 0 0 0 0
0 1 1 1 0 1 0 0 0
0 1 0 1 0 1 0 0 0
0 0 0 1 0 0 0 1 0
0 1 1 1 0 0 1 1 0
0 0 1 1 0 0 1 1 0
1 0 1 0 0 0 1 1 0
0 0 1 1 0 1 1 0 0
0 0 1 1 0 0 1 1 0
1 0 1 1 0 0 1 1 0
0 0 1 1 0 0 1 1 0
1 0 1 0 0 0 1 1 0
0 0 1 1 1 0 0 0 0
0 0 0 1 0 0 0 0 0
0 1 0 0 0 1 0 0 0
0 0 1 1 0 1 1 0 0
0 0 1 1 0 1 1 0 0
0 0 0 1 0 1 0 0 0
0 1 0 1 0 0 0 0 0
0 1 0 1 1 0 0 0 0
0 1 0 1 1 0 0 0 0
0 0 0 1 0 0 0 1 0
0 1 0 0 0 0 0 0 0
0 1 0 0 0 1 0 0 0
0 0 0 0 1 0 0 0 0
0 0 0 0 0 0 1 1 0
0 1 0 1 0 0 0 0 0
0 1 1 1 0 1 0 0 0
0 1 1 0 1 0 0 0 0
0 0 0 0 0 0 0 0 1
0 1 0 0 0 0 0 1 0
0 0 1 0 1 0 0 0 0
0 0 0 1 0 0 0 1 0
0 1 1 1 0 1 0 0 0
0 0 0 0 0 0 1 1 0
0 0 0 0 0 0 1 1 0
0 0 1 1 1 0 0 0 0
0 0 1 0 0 0 1 1 0
0 0 0 0 0 0 0 0 1
0 0 1 1 0 0 1 1 0
0 1 0 0 0 0 0 0 0
0 0 0 0 1 0 0 0 0
H 9 17
0 0 0 0 0 0 0 0 0 0 0 0 0 1 0 0 0
0 0 1 0 0 1 0 0 0 0 0 0 0 0 0 1 0
0 0 0 0 0 0 0 0 0 0 0 0 0 0 1 0 0
0 0 0 0 0 0 1 0 0 0 0 0 0 0 0 0 0
0 1 1 0 1 0 0 0 1 1 0 0 1 0 0 1 0
0 0 0 0 0 1 0 1 1 0 0 1 1 0 0 1 0
1 0 0 1 0 0 0 1 1 1 0 0 0 0 0 1 0
0 0 0 0 0 0 0 1 1 1 0 0 1 0 0 1 0
0 0 1 0 1 0 0 0 0 1 0 0 0 0 0 0 1
