W 101 4
0 0 1 1
0 0 1 0
1 0 0 1
0 0 1 1
0 0 1 1
0 0 1 0
0 0 1 0
1 0 0 0
1 0 0 1
0 0 1 0
0 0 1 1
0 1 0 0
1 0 0 1
0 0 0 1
0 0 0 1
0 0 0 1
0 1 0 1
0 0 1 0
1 0 0 1
1 0 1 1
0 1 0 0
0 1 0 0
0 0 1 0
0 1 0 0
0 0 0 0
1 0 0 1
1 0 0 1
0 0 1 0
0 0 1 0
0 0 1 1
0 0 0 0
0 0 1 0
0 0 1 0
0 1 0 1
1 0 0 0
0 0 1 0
0 0 1 0
0 1 0 1
1 0 0 1
0 0 0 0
0 0 0 0
0 1 0 1
0 0 0 1
0 1 0 0
0 0 1 1
0 0 1 1
0 0 0 1
0 0 1 1
0 0 1 1
0 0 1 1
0 0 1 1
0 0 0 0
1 0 0 1
0 0 0 1
0 0 1 1
0 0 1 0
0 1 0 0
0 1 0 0
0 1 0 1
0 1 0 0
1 0 0 1
1 0 0 1
1 0 0 1
1 0 1 1
0 0 1 1
0 0 1 0
1 0 1 1
0 0 1 1
0 0 1 1
0 0 1 1
0 0 1 0
0 1 0 1
0 0 0 1
1 0 0 0
1 0 1 1
1 0 1 1
1 0 0 1
0 0 0 1
0 1 0 1
0 1 0 1
1 0 0 1
0 0 0 0
1 0 0 0
0 1 0 0
0 0 1 0
0 0 0 1
1 0 0 1
0 1 0 0
0 0 0 0
1 0 0 0
0 1 0 0
1 0 0 1
1 0 0 1
0 0 1 0
0 0 1 0
0 1 0 1
0 0 1 0
0 0 0 0
0 0 1 1
0 0 0 0
0 1 0 0
H 4 17
0 0 1 0 0 1 0 1 1 0 0 1 1 0 0 1 0
0 1 1 0 1 0 0 0 1 1 0 0 1 0 0 1 0
1 0 0 1 0 0 0 1 1 1 0 0 1 0 1 1 0
0 0 0 0 0 0 1 0 0 0 0 0 0 0 0 0 0
